    -4.383
    -4.351
    -4.341
    -4.340
    -4.331
    -4.328
    -4.307
    -4.245
    -4.163
    -4.073
    -3.996
    -3.955
    -3.942
    -3.916
    -3.890
    -3.843
    -3.789
    -6.293
    -6.462
    -6.666
    -6.859
    -7.035
    -7.193
    -7.347
    -7.487
    -7.634
    -7.743
    -7.825
    -7.881
    -7.932
    -7.989
    -8.071
    -8.165
    -8.262
    -8.361
    -8.461
    -8.560
    -8.680
    -8.798
    -8.903
    -9.025
    -9.137
    -9.251
    -9.351
    -9.451
    -9.531
    -9.610
    -9.683
    -9.753
    -9.830
    -9.888
    -9.947
   -10.003
   -10.052
   -10.093
   -10.139
   -10.195
   -10.250
   -10.312
   -10.355
   -10.390
   -10.428
   -10.463
   -10.498
   -10.541
   -10.601
   -10.667
   -10.740
   -10.787
   -10.834
   -10.867
   -10.909
    25.964
    26.242
    26.318
    26.404
    26.508
    26.606
    26.707
    26.852
    27.028
    27.232
    27.428
    27.599
    27.741
    27.887
    28.058
    28.237
    28.411
    28.620
    28.853
    29.081
    29.244
    29.370
    29.501
    29.636
    29.781
    29.931
    30.056
    30.196
    30.349
    30.497
    30.731
    31.099
    31.533
    31.806
    31.993
    32.132
    32.287
    32.449
    32.581
    32.679
    32.756
    32.872
    33.030
    33.181
    33.325
    33.421
    33.443
    33.447
    33.471
    33.511
    33.525
    33.540
    33.597
    33.681
    33.617
    33.508
    33.477
    33.471
    33.496
    33.549
    33.640
    33.790
    33.999
    34.256
    34.533
    34.837
    35.138
    35.445
    35.767
    36.088
    36.416
    36.772
    37.119
    37.468
    37.820
    38.174
    38.525
    38.884
    39.253
    39.651
    40.058
    40.401
    40.647
    40.795
    40.921
    41.004
    41.075
    41.162
    41.268
    41.402
    41.535
    38.193
    38.080
    38.008
    37.968
    37.948
    37.925
    37.928
    37.929
    37.928
    37.933
    37.934
    37.924
    37.922
    37.923
    37.922
    37.902
    37.856
    37.808
    37.753
    37.701
    37.650
    37.598
    37.552
    37.508
    37.462
    37.425
    37.385
    37.343
    37.321
    37.296
    37.281
    37.263
    37.256
    37.249
    37.227
    37.197
    37.163
    37.107
    36.994
    36.773
    36.489
    36.204
    35.930
    35.674
    35.421
    35.180
    34.967
    34.778
    34.619
    34.491
    34.396
    34.310
    34.241
    34.171
    34.093
    34.013
    33.926
    33.836
    33.754
    33.679
    33.613
    33.575
    33.554
    33.529
    33.524
    33.515
    33.529
    33.573
    33.647
    33.756
    33.869
    34.004
    34.185
    34.404
    34.585
    34.675
    34.750
    34.790
    34.815
    34.827
    34.857
    34.906
    34.993
    35.109
    35.264
    35.430
    35.509
    35.575
    35.710
    35.955
    36.260
    36.511
    36.537
    36.419
    36.257
    36.112
    35.995
    35.918
    35.865
    35.816
    35.778
    35.704
    35.562
    35.406
    35.321
    35.241
    35.135
    35.070
    35.108
    35.213
    35.277
    35.256
    35.193
    35.160
    35.168
    35.184
    35.119
    34.958
    34.752
    34.588
    -8.406
    -8.223
    -8.039
    -7.855
    -7.670
    -7.480
    -7.274
    -7.069
    -6.890
    -6.704
    -6.519
    -6.352
    -6.203
    -6.030
    -5.837
    -5.634
    -5.437
    -5.239
    -5.053
    -4.863
    -4.683
    -4.506
    -4.319
    -4.153
    -3.978
    -3.808
    -3.633
    -3.477
    -3.307
    -3.132
    -2.989
    -2.853
    -2.706
    -2.566
    -2.403
    -2.256
    -2.133
    -1.990
    -1.829
    -1.675
    -1.528
    -1.372
    -1.196
    -1.002
    -0.803
    -0.606
    -0.419
    -0.233
    -0.058
     0.112
     0.289
     0.479
     0.672
     0.860
     1.040
     1.234
     1.428
     1.629
     1.822
     2.013
     2.191
     2.356
     2.536
     2.718
     2.893
     3.069
     3.244
     3.430
     3.617
     3.813
     4.015
     4.216
     4.425
     4.631
     4.837
     5.041
     5.240
     5.440
     5.637
     5.837
     6.027
     6.228
     6.442
     6.656
     6.877
     7.089
     7.300
     7.511
     7.717
     7.932
     8.125
     8.315
     8.499
     8.676
     8.861
     9.038
     9.237
     9.449
     9.646
     9.854
    10.094
    10.344
    10.590
    10.842
    11.068
    11.303
    11.536
    11.788
    12.026
    12.227
    12.421
    12.595
    12.777
    12.952
    13.147
    13.379
    13.583
    13.750
    13.915
    14.046
    14.680
    14.856
    14.994
    15.387
    15.538
    15.715
    15.910
    16.083
    16.267
    16.453
    16.643
    16.838
    17.020
    17.184
    17.335
    17.503
    17.663
    17.809
    17.946
    18.093
    18.253
    18.408
    18.550
    18.662
    18.763
    18.889
    19.001
    19.133
    19.291
    19.476
    19.657
    19.835
    20.003
    20.175
    20.357
    20.548
    20.708
    20.836
    20.971
    21.103
    21.227
    21.347
    21.502
    21.639
    21.781
    21.925
    22.079
    22.232
    22.356
    22.449
    22.535
    22.623
    22.707
    22.806
    22.910
    23.031
    23.142
    23.243
    23.345
    23.428
    23.507
    23.595
    23.674
    23.728
    23.751
    23.777
    23.808
    23.875
    23.940
    24.000
    24.032
    24.062
    24.099
    24.142
    24.197
    24.246
    24.309
    24.381
    24.430
     6.990
     7.006
     7.020
     7.092
     7.200
     7.275
     7.356
     7.346
     7.312
     7.285
     7.261
     7.249
     7.218
     7.156
     7.061
     6.957
     6.872
     6.789
     6.645
     6.502
     6.384
     6.296
     6.219
     6.122
     6.009
     5.922
     5.844
     5.792
     5.755
     5.726
     5.708
     5.665
     5.603
     5.547
     5.497
     5.451
     5.415
     5.363
     5.311
     5.261
     5.200
     5.159
     5.097
     5.020
     4.940
     4.851
     4.767
     4.678
     4.589
     4.490
     4.370
     4.252
     4.100
     3.954
     3.812
     3.660
     3.519
     3.389
     3.288
     3.188
     3.085
     3.002
     2.912
     2.832
     2.745
     2.674
     2.606
     2.540
     2.511
     2.477
     2.440
     2.409
     2.377
     2.349
     2.309
     2.280
     2.249
     2.228
     2.205
     2.193
     2.194
     2.217
     2.222
     2.210
     2.184
     2.154
     2.117
     2.071
     2.015
     1.968
     1.924
     1.879
     1.856
     1.845
     1.810
     1.761
     1.690
     1.618
     1.545
     1.493
     1.444
     1.394
     1.360
     1.312
     1.260
     1.225
     1.168
     1.109
     1.023
     0.920
     0.809
     0.697
     0.583
     0.496
     0.385
     0.270
     0.151
     0.045
    -0.051
    -0.121
    -0.172
    -0.216
    -0.268
    -0.337
    -0.416
    -0.496
    -0.581
    -0.657
    -0.739
    -0.849
    -0.946
    -1.022
    -1.064
    -1.073
     1.638
     1.902
     2.216
     2.625
     3.450
     3.681
     3.925
     4.141
     4.355
     4.556
     4.740
     4.939
     5.125
     5.288
     5.455
     5.614
     5.749
     5.892
     6.065
     6.250
     6.451
     6.633
     6.802
     6.959
     7.120
     7.297
     7.509
     7.736
     7.946
     8.116
     8.291
     8.484
     8.668
     8.846
     9.056
     9.276
     9.499
     9.715
     9.945
    10.190
    10.457
    10.720
    10.963
    11.164
    11.350
    11.521
    11.704
    11.917
    12.135
    12.364
    12.601
    12.841
    13.065
    13.301
    13.542
    13.762
    13.941
    14.145
    14.364
    14.581
    14.796
    15.009
    15.235
    15.481
    15.744
    15.978
    16.174
    16.284
    16.374
    16.505
    16.659
    16.833
    17.006
    17.177
    17.345
    17.531
    17.724
    17.966
    18.271
    18.581
    18.796
    18.973
    19.159
    19.309
    19.465
    19.606
    19.754
    19.889
    20.034
    20.192
    20.361
    20.577
    20.769
    20.968
    21.144
    21.337
    21.526
    21.697
    22.432
    22.460
    22.518
    22.624
    22.788
    22.961
    23.135
    23.350
    23.548
    23.741
    23.968
    24.250
    24.496
    24.705
    24.945
    25.138
    26.766
    26.877
    27.572
    27.699
    27.816
    27.925
    28.065
    28.748
    28.937
    29.162
    29.411
    17.501
    17.508
    17.524
    17.545
    17.570
    17.598
    17.625
    17.654
    17.683
    17.723
    17.760
    17.789
    17.812
    17.813
    17.805
    17.806
    17.838
    17.895
    17.949
    17.971
    17.983
    17.986
    17.995
    17.984
    17.966
    17.944
    17.928
    17.898
    17.887
    17.867
    17.861
    17.850
    17.848
    17.841
    17.830
    17.825
    17.815
    17.805
    17.773
    17.772
    17.792
    17.847
    17.895
    17.925
    17.954
    17.979
    17.991
    18.002
    18.022
    18.027
    18.016
    18.005
    17.998
    17.972
    17.967
    17.975
    17.966
    17.954
    17.936
    17.934
    17.944
    17.958
    17.954
    17.927
    17.891
    17.846
    17.830
    17.825
    17.829
    17.838
    17.854
    17.879
    17.900
    17.930
    17.969
    17.989
    17.993
    18.005
    17.987
    17.924
    17.879
    17.821
    17.758
    17.705
    17.648
    17.592
    17.521
    17.430
    17.326
    17.233
    17.140
    17.048
    16.972
    16.904
    16.846
    16.785
    16.731
    16.654
    16.578
    16.516
    16.451
    16.369
    16.267
    16.167
    16.066
    15.992
    15.915
    15.838
    15.745
    15.652
    15.552
    15.456
    15.370
    15.299
    15.235
    15.196
    15.172
    15.182
    15.214
    15.250
    15.270
    15.209
    15.095
    14.999
    14.936
    14.882
    14.857
    14.851
    14.870
    14.924
    14.982
    15.057
    15.120
    15.145
    15.128
    15.064
    14.962
    14.853
    14.770
    14.699
    14.637
    14.593
    14.557
    14.536
    14.521
    14.503
    14.446
    14.342
    14.226
    14.133
    14.061
    13.973
    13.875
    13.785
    13.681
    13.569
    13.446
    13.332
    13.221
    13.116
    13.020
    12.901
    12.787
    12.692
    12.599
    12.520
    12.458
    12.406
    12.345
    12.285
    12.226
    12.173
    12.123
    12.068
    12.020
    11.972
    11.927
    11.885
    11.858
    11.831
    11.805
    11.786
    11.765
    11.752
    11.745
    11.734
    11.733
    11.714
    11.712
    11.708
    11.717
    11.740
    11.743
    11.734
    11.722
    11.695
    11.661
    11.626
    11.606
    11.574
    11.548
    11.509
    11.474
    -8.922
    -8.755
    -8.609
    -8.467
    -8.319
    -8.178
    -8.044
    -7.920
    -7.797
    -7.660
    -7.537
    -7.406
    -7.279
    -7.145
    -6.999
    -6.884
    -6.774
    -6.666
    -6.569
    -6.498
    -6.422
    -6.344
    -6.265
    -6.178
    -6.078
    -5.960
    -5.813
    -5.658
    -5.509
   -18.934
   -19.044
   -19.141
   -19.232
   -19.311
   -19.393
   -19.513
    13.181
    13.369
    13.552
    13.745
    13.939
    14.144
    14.343
    14.544
    14.728
    14.861
    14.985
    15.167
    15.432
    15.746
    16.026
    16.219
    16.380
    16.533
    16.677
    16.848
    17.060
    17.294
    17.509
    17.685
    17.841
    17.942
    18.048
    18.184
    18.352
    18.481
    18.477
    18.482
    18.565
    18.705
    18.872
    19.064
    19.282
    19.528
    19.782
    20.050
    20.330
    20.589
    20.872
    21.164
    21.459
    21.748
    22.010
    22.263
    22.504
    22.724
    22.940
    23.147
    23.351
    23.546
    23.735
    23.930
    24.112
    24.283
    24.451
    24.596
    24.751
    24.905
    25.067
    25.229
    25.393
    25.562
    25.747
    25.947
    26.150
    26.357
    26.580
    26.808
    27.027
    27.239
    27.433
    27.616
    27.779
    27.941
    28.103
    28.257
    28.416
    28.590
    28.774
    28.969
    29.166
    29.379
    29.568
    29.765
    29.955
    30.148
    30.353
    30.571
    30.782
    30.988
    31.194
    31.393
    31.590
    31.782
    31.964
    32.149
    32.335
    32.510
    32.670
    32.830
    33.000
    33.170
    33.342
    33.515
    33.675
    33.831
    33.987
    34.165
    34.324
    34.495
    34.660
    34.847
    35.038
    35.234
    35.424
    35.616
    35.826
    36.016
    36.186
    27.282
    27.360
    27.442
    27.531
    27.619
    27.690
    27.762
    27.838
    27.918
    28.015
    28.092
    28.163
    28.226
    28.276
    28.307
    28.365
    28.426
    28.518
    28.613
    28.697
    28.757
    28.785
    28.810
    28.856
    28.927
    29.021
    29.129
    29.225
    29.282
    29.305
    29.328
    29.369
    29.391
    29.394
    29.332
    29.270
    29.218
    29.162
    29.132
    29.151
    29.202
    29.243
    29.227
    29.181
    29.169
    29.178
    29.213
    29.219
    29.140
    29.074
    29.011
    28.942
    28.846
    28.772
    28.722
    28.683
    28.618
    28.565
    28.530
    28.510
    28.499
    28.482
    28.470
    28.468
    28.461
    28.457
    28.419
    28.365
    28.329
    28.295
    28.262
    28.201
    28.132
    28.054
    27.972
    27.905
    27.851
    27.793
    27.755
    27.715
    27.673
    27.638
    27.591
    27.548
    27.510
    27.470
    27.428
    27.397
    27.355
    27.318
    27.280
    27.237
    27.199
    27.145
    27.087
    27.033
    26.972
    26.924
    26.865
    26.799
    26.731
    26.665
    26.611
    26.539
    26.475
    26.411
    26.345
    26.270
    26.201
    26.127
    26.048
    25.977
    25.917
    25.865
    25.835
    25.823
    25.834
    25.845
    25.881
    25.926
    25.963
    25.991
    25.996
    25.955
    25.905
    25.849
    25.778
    25.692
    25.585
    25.464
    25.350
    25.241
    25.142
    25.062
    25.004
    24.945
    24.892
    24.839
    24.780
    24.705
    24.616
    24.538
    24.454
    24.370
    24.275
    24.184
    24.098
    24.037
    23.952
    23.860
    23.761
    23.666
    23.586
    23.503
    23.426
    23.361
    23.308
    23.264
    23.222
    23.197
    23.181
    23.197
    23.249
    23.308
    23.318
    23.316
    23.353
    23.403
    23.448
    23.484
    23.510
    23.521
    23.510
    23.486
    23.435
    23.375
    23.307
    23.247
    23.176
    23.113
    23.048
    23.005
    22.984
    22.986
    23.038
    23.119
    23.219
    23.349
    23.436
    23.361
    23.231
    23.083
    22.987
    22.957
    22.932
    22.866
    22.828
    22.842
