   -40.201
   -40.157
   -40.097
   -40.029
   -39.945
   -39.837
   -39.707
   -39.553
   -39.376
   -39.214
   -39.041
   -38.892
   -38.779
   -38.673
   -38.544
   -38.409
   -38.313
   -38.239
   -38.163
   -38.063
   -37.946
   -37.817
   -37.682
   -37.537
   -37.383
   -37.218
   -37.044
   -36.854
   -36.640
   -36.410
   -36.155
   -35.869
   -35.571
   -35.256
   -34.938
   -34.620
   -34.337
   -34.065
   -33.809
   -33.548
   -33.267
   -32.981
   -32.682
   -32.408
   -32.170
   -31.978
   -31.829
   -31.712
   -31.581
   -31.448
   -31.283
   -31.118
   -30.947
   -30.764
   -30.615
   -30.482
   -30.351
   -30.254
   -30.161
   -30.077
   -29.977
   -29.872
   -29.757
   -29.631
   -29.484
   -29.333
   -29.189
   -29.064
   -28.952
   -28.827
   -28.715
   -28.594
   -28.456
   -28.330
   -28.196
   -28.042
   -27.889
   -27.724
   -27.544
   -27.343
   -27.153
   -26.934
   -26.711
   -26.488
   -26.247
   -26.003
   -25.750
   -25.501
   -25.230
   -24.929
   -24.644
   -24.355
   -24.039
   -23.728
   -23.428
   -23.141
   -22.865
   -22.582
   -22.307
   -22.034
   -21.771
   -21.521
   -21.274
   -21.033
   -20.795
   -20.578
   -20.337
   -20.080
   -19.822
   -19.555
   -19.289
   -19.088
   -18.946
   -18.835
   -18.788
   -18.787
   -18.787
   -18.796
   -18.814
   -18.828
   -18.840
   -18.853
   -18.855
   -18.846
   -18.855
   -18.857
   -18.864
   -18.912
   -18.981
   -19.098
   -19.228
   -19.405
   -19.583
   -19.766
   -19.970
   -20.179
   -20.377
   -20.587
   -20.799
   -21.003
   -21.164
   -21.311
   -21.416
   -21.466
   -21.455
   -21.370
   -21.194
   -20.940
   -20.641
   -20.272
   -19.801
   -19.261
   -18.742
   -18.273
   -17.877
   -17.527
   -17.166
   -16.828
   -16.396
   -15.959
   -15.555
   -15.216
   -14.927
   -15.248
   -15.412
   -15.502
   -15.482
   -15.387
   -15.218
   -15.024
   -14.809
   -14.604
   -14.355
   -14.089
   -13.789
   -13.430
   -13.012
   -12.576
   -12.155
   -11.732
   -11.309
   -10.902
   -10.469
   -10.049
    -9.660
    -9.304
    -8.971
    -4.405
    -4.383
    -4.351
    -4.341
    -4.340
    -4.331
    -4.328
    -4.307
    -4.245
    -4.163
    -4.073
    -3.996
    -3.955
    -3.942
    -3.916
    -3.890
    -3.843
    -3.789
    -6.293
    -6.462
    -6.666
    -6.859
    -7.035
    -7.193
    -7.347
    -7.487
    -7.634
    -7.743
    -7.825
    -7.881
    -7.932
    -7.989
    -8.071
    -8.165
    -8.262
    -8.361
    -8.461
    -8.560
    -8.680
    -8.798
    -8.903
    -9.025
    -9.137
    -9.251
    -9.351
    -9.451
    -9.531
    -9.610
    -9.683
    -9.753
    -9.830
    -9.888
    -9.947
   -10.003
   -10.052
   -10.093
   -10.139
   -10.195
   -10.250
   -10.312
   -10.355
   -10.390
   -10.428
   -10.463
   -10.498
   -10.541
   -10.601
   -10.667
   -10.740
   -10.787
   -10.834
   -10.867
   -10.909
   -10.961
   -11.012
   -11.065
   -11.124
   -11.189
   -11.244
   -11.297
   -11.350
   -11.403
   -11.447
   -11.485
   -11.518
   -11.560
   -11.591
   -11.614
   -11.654
   -11.694
   -11.734
   -11.795
   -11.850
   -11.895
   -11.942
   -12.001
   -12.070
   -12.151
   -12.227
   -12.300
   -12.382
   -18.868
   -18.963
   -19.064
   -19.160
   -19.284
   -19.421
   -19.549
   -19.645
   -19.722
   -19.786
   -19.877
   -19.964
   -20.043
   -20.134
   -20.209
   -20.276
   -20.348
   -20.419
   -20.480
   -20.539
   -20.599
   -20.649
   -20.704
   -20.758
   -20.797
   -20.837
   -20.877
   -20.913
   -20.951
   -20.997
   -21.042
   -21.084
   -21.139
   -21.185
   -21.218
   -21.253
   -21.284
   -21.325
   -21.346
   -21.373
   -21.413
   -21.428
   -21.425
   -21.415
   -21.371
   -21.315
    13.036
    13.153
    13.267
    13.348
    13.426
    13.483
    13.523
    13.585
    13.662
    13.784
    13.959
    14.159
    14.341
    14.470
    14.523
    14.597
    14.745
    14.975
    15.262
    15.545
    15.772
    15.976
    16.207
    16.494
    16.814
    17.144
    17.476
    17.796
    18.100
    18.398
    18.686
    18.960
    19.239
    19.491
    19.728
    19.968
    20.179
    20.382
    20.570
    20.752
    20.943
    21.133
    21.315
    21.523
    21.749
    21.974
    22.210
    22.437
    22.664
    22.893
    23.142
    23.394
    23.644
    23.898
    24.150
    24.392
    24.658
    24.941
    25.212
    25.472
    25.730
    25.989
    26.258
    26.535
    26.811
    27.089
    27.376
    27.652
    27.884
    28.115
    28.342
    28.602
    28.897
    29.168
    29.387
    29.639
    29.873
    30.091
    30.287
    30.490
    30.738
    30.979
    31.174
    31.329
    31.509
    31.701
    31.874
    32.012
    32.158
    32.314
    32.448
    32.626
    32.858
    33.144
    33.412
    33.646
    33.786
    33.817
    33.809
    33.828
    33.891
    33.977
    34.053
    34.131
    34.212
    34.303
    34.376
    34.463
    34.566
    34.667
    34.780
    34.871
    34.941
    35.007
    35.104
    35.201
    35.296
    35.379
    35.462
    35.530
    35.601
    35.687
    35.777
    35.874
    35.975
    36.084
    36.193
    36.325
    36.452
    36.590
    36.726
    36.844
    36.968
    37.127
    37.301
    37.509
    37.731
    37.974
    38.261
    38.608
    39.018
    39.445
    39.851
    40.212
    40.543
    40.841
    41.149
    41.450
    41.768
    42.108
    42.476
    42.863
    43.286
    43.760
    44.244
    44.843
    45.434
    46.110
    46.750
    47.289
    47.750
    48.155
    48.520
    48.833
    49.109
    49.356
    49.598
    49.820
    50.016
    50.208
    50.407
    50.603
    51.704
    51.914
    52.131
    52.332
    52.535
    52.723
   -62.282
   -62.218
   -62.168
   -62.126
   -62.089
   -62.059
   -62.028
   -62.004
   -61.970
   -61.928
   -61.878
   -61.821
   -61.778
   -61.735
   -61.695
   -61.665
   -61.633
   -61.607
   -61.570
   -61.556
   -61.535
   -61.507
   -61.491
   -61.477
   -61.454
   -61.419
   -61.401
   -61.379
   -61.338
   -61.304
   -61.271
   -61.222
   -61.181
   -61.132
   -61.075
   -61.029
   -60.963
   -60.906
   -60.859
   -60.810
   -60.775
   -60.751
   -60.728
   -60.709
   -60.690
   -60.683
   -60.680
   -60.691
   -60.697
   -60.723
   -60.748
   -60.799
   -60.850
   -60.901
   -60.956
   -61.008
   -61.062
   -61.138
   -61.213
   -61.296
   -61.380
   -61.468
   -61.564
   -61.659
   -61.763
   -61.861
   -61.972
   -62.081
   -62.180
   -62.269
   -62.339
   -62.406
   -62.467
   -62.511
   -62.555
   -62.584
   -62.596
   -62.591
   -62.567
   -62.538
   -62.515
   -62.462
   -62.398
   -62.315
   -62.193
   -62.060
   -61.901
   -61.707
   -61.507
   -61.295
   -61.090
   -60.908
   -60.732
   -60.567
   -60.415
   -60.276
   -60.148
   -60.008
   -59.876
   -59.794
   -59.734
   -59.630
   -59.507
   -59.399
   -59.336
   -59.291
   -59.266
   -59.306
   -59.351
   -59.342
   -59.268
   -59.173
   -59.106
   -59.027
   -58.937
   -58.875
   -58.848
   -58.832
   -58.810
   -58.771
   -58.725
   -58.666
   -58.624
   -58.562
   -58.503
   -58.466
   -58.459
   -58.439
   -58.401
   -58.334
   -58.262
   -58.228
   -58.242
   -58.249
   -58.260
   -58.269
   -58.278
   -58.266
   -58.261
   -58.335
   -58.431
   -58.530
   -58.601
   -58.670
   -58.726
   -58.721
   -58.691
   -58.659
   -58.621
   -58.580
   -58.542
   -58.538
   -58.546
   -58.579
   -58.639
   -58.738
   -58.876
   -59.003
   -59.140
   -59.207
   -59.216
   -59.172
   -59.073
   -58.935
   -58.760
   -58.589
   -58.361
   -58.095
   -57.826
   -57.517
   -57.200
   -56.901
   -56.593
   -56.336
   -56.080
   -55.804
   -55.498
   -55.188
   -54.961
   -54.772
   -54.573
   -54.379
   -54.210
   -54.019
   -53.837
   -53.674
   -53.509
   -53.352
   -53.192
   -53.015
   -52.796
   -52.551
   -52.287
   -51.991
   -51.690
   -51.389
   -51.114
   -50.835
   -50.558
   -50.276
   -50.032
   -49.774
   -49.523
   -49.277
   -49.068
   -48.899
   -48.721
   -48.548
   -48.331
   -48.126
   -47.958
   -47.771
   -47.590
   -47.346
   -47.037
   -46.713
   -46.430
   -46.172
   -45.916
   -45.674
   -45.454
   -45.291
   -45.144
   -44.999
   -44.841
   -44.679
   -44.492
   -44.291
   -44.088
   -43.854
   -43.621
   -43.355
   -43.092
   -42.854
   -42.604
   -42.367
   -42.080
   -41.793
   -41.473
   -41.188
   -40.909
   -40.612
   -40.343
   -40.081
   -39.836
   -39.570
   -39.283
   -38.979
   -38.624
   -38.338
   -38.133
   -37.963
   -37.798
   -37.649
   -37.522
   -37.430
   -37.388
   -37.385
   -37.402
   -37.469
   -37.561
   -37.674
   -37.794
   -37.929
   -38.077
   -38.200
   -38.277
   -38.297
   -38.268
   -38.179
   -38.052
   -37.871
   -37.660
   -37.436
   -37.195
   -36.940
   -36.694
   -36.447
   -36.200
   -35.964
   -35.732
   -35.513
   -35.298
   -35.056
   -34.809
   -34.535
   -34.236
   -33.930
   -33.610
   -33.289
   -32.950
   -32.623
   -32.312
   -31.994
   -31.680
   -31.394
   -31.138
   -30.900
   -30.656
   -30.423
   -30.198
   -29.978
   -29.738
   -29.505
   -29.269
   -29.055
   -28.873
   -28.722
   -28.649
   -28.596
   -28.588
   -28.618
   -28.647
   -28.677
   -28.694
   -28.688
   -28.653
   -28.600
   -28.516
   -28.421
   -28.302
   -28.214
   -28.180
   -28.141
   -28.108
   -28.089
   -28.073
   -28.059
   -28.063
   -28.058
   -28.066
   -28.084
   -28.078
   -28.049
   -27.985
   -27.905
   -27.793
   -27.664
   -27.500
   -27.337
   -27.154
   -27.008
   -26.859
   -26.696
   -26.522
   -26.397
   -26.279
   -26.200
   -26.219
   -26.297
   -26.354
   -26.380
   -26.407
   -26.438
   -26.434
   -26.406
   -26.380
   -26.343
   -26.320
   -26.289
   -26.222
   -26.162
   -26.112
   -26.072
   -26.034
   -25.991
   -25.945
   -25.912
   -25.885
   -25.877
   -25.882
   -25.908
   -25.937
   -25.988
   -26.029
   -26.078
   -26.101
   -26.125
   -26.134
   -26.095
   -26.032
   -25.933
   -25.813
   -25.699
   -25.593
   -25.494
   -25.440
   -25.428
   -25.461
   -25.505
   -25.536
   -25.562
   -25.609
   -25.634
   -25.641
   -25.598
   -25.509
   -25.362
   -25.209
   -25.072
   -24.964
   -24.889
   -24.855
   -24.874
   -24.907
   -24.953
   -24.985
   -25.017
   -25.045
   -25.079
   -25.143
   -25.194
   -25.241
   -25.256
   -25.248
   -25.232
   -25.214
   -25.201
   -25.191
   -25.191
   -25.183
   -25.189
   -25.198
   -25.247
   -25.364
   -25.529
   -25.704
   -25.903
   -26.072
   -26.225
   -26.376
   -26.513
   -26.630
   -26.714
   -26.786
   -26.838
   -26.856
   -26.848
   -26.819
   -26.788
   -26.756
   -26.726
   -26.670
   -26.617
   -26.556
   -26.510
   -26.454
   -26.404
   -26.340
   -26.269
   -26.178
   -26.083
   -25.972
   -25.860
   -25.756
   -25.674
   -25.604
   -25.538
   -25.464
   -25.380
   -25.302
   -25.242
   -25.212
   -25.209
   -25.216
   -25.222
   -25.236
   -25.274
   -25.325
   -25.389
   -25.455
   -25.524
   -25.583
   -25.651
   -25.748
   -25.852
   -25.962
   -26.059
   -26.151
   -26.236
   -26.345
   -26.467
   -26.571
   -26.682
   -26.772
   -26.865
   -26.953
   -27.057
   -27.164
   -27.276
   -27.382
   -27.485
   -27.581
   -27.679
   -27.773
   -27.874
   -27.971
   -28.070
   -28.163
   -28.251
   -28.332
   -28.409
   -28.481
   -28.546
   -28.607
   -28.633
   -28.654
   -28.670
   -28.676
   -28.687
   -28.715
   -28.739
   -28.762
   -28.779
   -28.802
   -28.831
   -28.849
   -28.863
    17.492
    18.334
    19.194
    20.082
    20.983
    21.881
    22.754
    23.656
    24.555
    25.434
    26.311
    27.109
    28.046
    29.045
    30.040
    31.101
    32.181
    33.272
    34.316
    35.245
    36.616
    36.283
    36.185
    36.282
    36.515
    36.820
    37.170
    37.586
    38.019
    38.438
    38.807
    39.154
    39.434
    39.715
    39.987
    40.219
    40.431
    40.630
    40.865
    41.130
    41.400
    41.656
    41.950
    42.243
    42.520
    42.785
    43.027
    43.271
    43.519
    43.738
    43.962
    44.175
    44.395
    44.630
    44.872
    45.106
    45.323
    45.567
    45.799
    46.025
    46.269
    46.502
    46.718
    46.927
    47.143
    47.350
    47.556
    47.759
    47.970
    48.165
    48.370
    48.571
    48.762
    48.923
    49.077
    49.207
    49.339
    49.445
    49.537
    49.610
    49.542
    49.439
    49.267
    49.067
    48.880
    48.707
    48.561
    48.458
    48.412
    48.392
    48.410
    48.433
    48.494
    48.580
    48.694
    48.831
    48.972
    49.096
    49.230
    49.371
    49.507
    49.637
    49.771
    49.909
    50.046
    50.171
    50.293
    50.418
    50.589
    50.785
    50.997
    51.207
    51.485
    51.754
    52.032
    52.338
    52.642
    52.948
    53.212
    53.469
    53.751
    54.046
    54.381
    54.737
    55.093
    56.079
    55.973
    55.950
    55.982
    56.063
    56.117
    56.228
    56.384
    56.556
    56.733
    56.896
    57.026
    57.153
    57.272
    57.413
    57.528
    57.683
    57.873
    58.103
    58.330
    59.909
    60.019
    59.938
    59.866
    59.759
    59.639
    59.532
    59.481
    59.483
   -60.952
   -60.914
   -60.888
   -60.880
   -60.875
   -60.885
   -60.871
   -60.868
   -60.858
   -60.849
   -60.818
   -60.773
   -60.717
   -60.671
   -60.620
   -60.559
   -60.464
   -60.351
   -60.259
   -60.157
   -60.050
   -59.956
   -59.858
   -59.750
   -59.650
   -59.545
   -59.440
   -59.331
   -59.237
   -59.167
   -59.113
   -59.091
   -59.078
   -59.061
   -59.034
   -59.015
   -58.992
   -58.976
   -58.957
   -58.925
   -58.884
   -58.837
   -58.778
   -58.711
   -58.630
   -58.538
   -58.451
   -58.373
   -58.295
   -58.197
   -58.099
   -57.989
   -57.883
   -57.774
   -57.656
   -57.534
   -57.402
   -57.272
   -57.134
   -56.985
   -56.845
   -56.692
   -56.543
   -56.407
   -56.274
   -56.133
   -55.996
   -55.860
   -55.731
   -55.598
   -55.459
   -55.315
   -55.174
   -55.045
   -54.910
   -54.777
   -54.651
   -54.531
   -54.422
   -54.321
   -54.214
   -54.114
   -54.018
   -53.908
   -53.807
   -53.698
   -53.598
   -53.488
   -53.383
   -53.275
   -53.167
   -53.056
   -52.947
   -52.826
   -52.707
   -52.593
   -52.485
   -52.386
   -52.291
   -52.196
   -52.088
   -51.972
   -51.834
   -51.675
   -51.479
   -51.259
   -51.010
   -50.736
   -50.464
   -50.205
   -49.988
   -49.824
   -49.697
   -49.612
   -49.568
   -49.552
   -49.554
   -49.570
   -49.585
   -49.592
   -49.582
   -49.556
   -49.523
   -49.478
   -49.415
   -49.352
   -49.280
   -49.200
   -49.117
   -49.046
   -48.969
   -48.891
   -48.815
   -48.753
   -48.706
   -48.651
   -48.606
   -48.570
   -48.538
   -48.506
   -48.479
   -48.463
   -48.445
   -48.440
   -48.456
   -48.485
   -48.524
   -48.568
   -48.632
   -48.698
   -48.776
   -48.857
   -48.952
   -49.045
   -49.140
   -49.220
   -49.315
   -49.400
   -49.463
   -49.530
   -49.578
   -49.611
   -49.632
   -49.639
   -49.638
   -49.614
   -49.574
   -49.514
   -49.424
   -49.309
   -49.161
   -48.968
   -48.743
   -48.490
   -48.221
   -47.940
   -47.684
   -47.448
   -47.144
   -46.862
   -46.619
   -46.438
   -46.371
   -46.415
   -46.587
   -46.786
   -46.986
   -47.217
   -47.470
   -47.717
   -48.045
   -48.415
   -48.789
   -49.204
   -49.586
   -49.951
   -50.305
   -50.683
   -51.089
   -51.487
   -51.890
   -52.310
   -52.675
   -52.948
   -53.154
   -53.271
   -53.319
   -53.270
   -53.157
   -52.968
   -52.763
   -52.536
   -52.254
   -52.005
   -51.739
   -51.429
   -51.120
   -48.047
   -47.791
   -47.510
   -47.217
   -46.953
   -46.695
   -46.460
   -46.272
   -46.165
   -46.172
   -46.178
   -46.109
   -45.995
   -45.871
   -45.728
   -45.595
   -45.483
   -45.381
   -45.268
   -45.153
   -45.067
   -45.015
   -44.958
   -44.910
   -44.853
   -44.767
   -44.695
   -44.610
   -44.479
   -44.332
   -44.219
   -44.096
   -43.961
   -43.950
   -44.088
   -44.198
   -44.196
   -44.105
   -44.016
   -43.965
   -43.958
   -43.977
   -43.958
   -43.931
   -43.864
   -43.831
   -43.946
   -44.075
   -44.157
   -44.142
   -44.126
   -44.149
   -44.181
   -44.183
   -44.152
   -44.086
   -44.023
   -44.070
   -44.215
   -44.373
   -44.473
   -44.499
   -44.512
   -44.515
   -44.530
   -44.565
   -44.646
   -44.744
   -44.861
   -44.966
   -45.039
   -45.084
   -45.102
   -45.120
   -45.147
   -45.170
   -45.204
   -45.218
   -45.237
   -45.248
   -45.244
   -45.222
   -45.187
   -45.139
   -45.091
   -45.040
   -45.008
   -44.989
   -44.979
   -44.983
   -44.995
   -45.006
   -45.012
   -45.037
   -45.047
   -45.063
   -45.089
   -45.122
   -45.142
   -45.184
   -45.214
   -45.232
   -45.242
   -45.259
   -45.274
   -45.261
   -45.244
   -45.224
   -45.193
   -45.151
   -45.090
   -45.020
   -44.969
   -44.905
   -44.849
   -44.806
   -44.747
   -44.705
   -44.644
   -44.573
   -44.494
   -44.419
   -44.338
   -44.253
   -44.169
   -44.082
   -43.999
   -43.911
   -43.807
   -43.671
   -43.510
   -43.307
   -43.147
   -43.043
   -42.979
   -42.921
   -42.879
   -42.843
   -42.815
   -42.800
   -42.787
   -42.765
   -42.740
   -42.717
   -42.685
   -42.665
   -42.638
   -42.621
   -42.591
   -42.569
   -42.541
   -42.512
   -42.493
   -42.475
   -42.441
   -42.414
   -42.375
   -42.333
   -42.309
   -42.290
   -42.246
   -42.191
   -42.139
   -42.099
   -42.046
   -42.002
   -41.969
   -41.929
   -41.877
   -41.826
   -41.756
   -41.690
   -41.615
   -41.555
   -41.488
   -41.399
   -41.332
   -41.271
   -41.194
   -41.134
   -41.047
   -41.003
   -40.956
   -40.928
   -40.907
   -40.854
   -19.827
   -19.682
   -19.554
   -19.391
   -19.186
   -18.950
   -18.717
   -18.493
   -18.253
   -18.017
   -17.762
   -17.508
   -17.243
   -16.994
   -16.762
   -16.533
   -16.340
   -16.126
   -15.952
   -15.823
   -15.703
   -15.579
   -15.457
   -15.322
   -15.187
   -15.059
   -14.922
   -14.762
   -14.585
   -14.392
   -14.205
   -14.016
   -13.830
   -13.641
   -13.447
   -13.251
   -13.076
   -12.894
   -12.714
   -12.516
   -12.317
   -12.126
   -11.932
   -11.722
   -11.517
   -11.309
   -11.114
   -10.915
   -10.707
   -10.506
   -10.305
   -10.094
    -9.901
    -9.696
    -9.490
    -9.289
    -9.077
    -8.870
    -8.672
    -8.462
    -8.256
    -8.072
    -7.883
    -7.702
    -7.540
    -7.394
    -7.263
    -7.157
    -7.063
    -6.977
    -6.912
    -6.849
    -6.798
    -6.751
    -6.691
    -6.605
    -6.495
    -6.353
    -6.191
    -6.025
    -5.835
    -5.655
    -5.463
    -5.262
    -5.053
    -4.852
    -4.659
    -4.459
    -4.243
    -4.049
    -3.841
    -3.615
    -3.404
    -3.180
    -2.951
    -2.732
    -2.509
    -2.269
    -2.004
    -1.728
    -1.464
    -1.203
    -0.928
    -0.640
    -0.361
    -0.105
     0.141
     0.385
     0.622
     0.841
     1.032
     1.229
     1.413
     1.553
     1.642
     1.697
     1.774
     1.853
     1.920
     1.969
     2.039
     2.146
     2.282
     2.420
     2.537
     2.613
     2.691
     2.837
     3.030
     3.249
     3.450
     3.658
     3.897
     4.148
     4.417
     4.694
     4.988
     5.284
     5.583
     5.882
     6.158
     6.423
     6.670
     6.917
     7.149
     7.376
     7.567
     7.745
     7.883
     8.057
     8.263
     8.511
     8.766
     8.998
     9.186
     9.401
     9.595
     9.749
     9.873
    10.057
    10.320
    10.545
    10.706
    10.922
    11.185
    11.416
    11.613
    11.845
    12.085
    12.305
    12.527
    12.752
    13.026
    13.333
    13.635
    13.884
    14.060
    14.229
    14.423
    14.619
    14.794
    14.993
    15.260
    15.549
    15.848
    16.108
    16.319
    16.511
    16.698
    16.888
    17.111
    17.373
    17.655
    17.953
    18.271
    18.573
    18.825
    18.986
    19.107
    19.222
    19.353
    19.521
    19.770
    20.090
    20.462
    20.821
    21.063
    21.201
    21.348
    21.567
    21.868
    22.182
    22.460
    22.757
    23.093
    23.390
    23.636
    23.888
    24.180
    24.434
    24.620
    24.790
    24.969
    25.163
    25.385
    25.627
    25.964
    26.242
    26.318
    26.404
    26.508
    26.606
    26.707
    26.852
    27.028
    27.232
    27.428
    27.599
    27.741
    27.887
    28.058
    28.237
    28.411
    28.620
    28.853
    29.081
    29.244
    29.370
    29.501
    29.636
    29.781
    29.931
    30.056
    30.196
    30.349
    30.497
    30.731
    31.099
    31.533
    31.806
    31.993
    32.132
    32.287
    32.449
    32.581
    32.679
    32.756
    32.872
    33.030
    33.181
    33.325
    33.421
    33.443
    33.447
    33.471
    33.511
    33.525
    33.540
    33.597
    33.681
    33.617
    33.508
    33.477
    33.471
    33.496
    33.549
    33.640
    33.790
    33.999
    34.256
    34.533
    34.837
    35.138
    35.445
    35.767
    36.088
    36.416
    36.772
    37.119
    37.468
    37.820
    38.174
    38.525
    38.884
    39.253
    39.651
    40.058
    40.401
    40.647
    40.795
    40.921
    41.004
    41.075
    41.162
    41.268
    41.402
    41.535
    53.453
    53.354
    53.265
    53.229
    53.217
    53.227
    53.225
    53.193
    53.143
    53.083
    53.034
    52.981
    52.930
    52.894
    52.851
    52.807
    52.751
    52.682
    52.632
    52.579
    52.517
    52.439
    52.341
    52.229
    52.138
    52.035
    51.922
    51.791
    51.659
    51.515
    51.376
    51.240
    51.106
    50.976
    50.840
    50.669
    50.488
    50.333
    50.199
    50.077
    49.949
    49.824
    49.689
    49.565
    49.408
    49.185
    48.894
    48.647
    48.469
    48.334
    48.277
    48.177
    48.080
    48.080
    48.226
    48.425
    48.533
    48.524
    48.456
    48.365
    48.273
    48.186
    48.102
    48.012
    47.921
    47.835
    47.733
    47.617
    47.482
    47.350
    47.232
    47.093
    46.952
    46.802
    46.611
    46.443
    46.268
    46.103
    45.948
    45.808
    45.692
    45.562
    45.443
    45.310
    45.163
    45.027
    44.878
    44.737
    44.611
    44.561
    44.409
    44.231
    44.025
    43.777
    43.483
    42.967
    42.579
    42.167
    41.776
    41.418
    41.056
    40.684
    40.255
    39.746
    39.186
    38.661
    38.221
    38.080
    38.184
    38.442
    38.737
    38.995
    37.354
    36.760
    36.277
    35.930
    35.701
    35.592
    35.582
    35.693
    35.816
    35.985
    33.917
    33.123
    32.257
    31.288
   -63.034
   -63.003
   -62.959
   -62.916
   -62.891
   -62.885
   -62.881
   -62.867
   -62.848
   -62.813
   -62.781
   -62.739
   -62.677
   -62.603
   -62.514
   -62.416
   -62.304
   -62.176
   -62.034
   -61.896
   -61.748
   -61.605
   -61.473
   -61.349
   -61.265
   -61.190
   -61.126
   -61.075
   -61.026
   -60.966
   -60.893
   -60.808
   -60.717
   -60.609
   -60.494
   -60.373
   -60.260
   -60.121
   -59.980
   -59.846
   -59.720
   -59.588
    -6.107
    -5.983
    -5.765
    -5.453
    -5.028
    -4.538
    -4.017
    -3.520
    -3.100
    -2.743
    -2.434
    -2.178
    -1.923
    -1.671
    -1.448
    -1.246
    -1.050
    -0.845
    -0.662
    -0.486
    -0.307
    -0.163
    -0.010
     0.201
     0.557
     1.072
     1.807
     2.700
     3.743
     4.913
     6.143
     7.449
     8.783
    10.147
    11.566
    13.012
    14.416
    15.783
    17.145
    18.346
    19.264
    20.018
    23.858
    23.969
    24.079
    24.203
    24.336
    24.473
    24.625
    24.803
    24.984
    25.154
    25.309
    25.467
    25.638
    25.812
    25.987
    26.164
    26.331
    26.499
    26.652
    26.805
    26.950
    27.106
    27.295
    27.497
    27.690
    27.836
    27.956
    28.082
    28.220
    28.355
    28.432
    28.456
    28.445
    28.485
    28.600
    28.766
    28.926
    29.064
    29.207
    29.352
    29.479
    29.597
    29.713
    29.816
    29.920
    30.020
    30.111
    30.210
    30.306
    30.400
    30.498
    30.577
    30.637
    30.699
    30.784
    30.875
    30.966
    31.051
    31.149
    31.253
    31.351
    31.436
    31.508
    31.587
    31.677
    31.800
    31.944
    32.101
    32.247
    32.355
    32.461
    32.571
    32.730
    32.900
    33.045
    38.320
    38.193
    38.080
    38.008
    37.968
    37.948
    37.925
    37.928
    37.929
    37.928
    37.933
    37.934
    37.924
    37.922
    37.923
    37.922
    37.902
    37.856
    37.808
    37.753
    37.701
    37.650
    37.598
    37.552
    37.508
    37.462
    37.425
    37.385
    37.343
    37.321
    37.296
    37.281
    37.263
    37.256
    37.249
    37.227
    37.197
    37.163
    37.107
    36.994
    36.773
    36.489
    36.204
    35.930
    35.674
    35.421
    35.180
    34.967
    34.778
    34.619
    34.491
    34.396
    34.310
    34.241
    34.171
    34.093
    34.013
    33.926
    33.836
    33.754
    33.679
    33.613
    33.575
    33.554
    33.529
    33.524
    33.515
    33.529
    33.573
    33.647
    33.756
    33.869
    34.004
    34.185
    34.404
    34.585
    34.675
    34.750
    34.790
    34.815
    34.827
    34.857
    34.906
    34.993
    35.109
    35.264
    35.430
    35.509
    35.575
    35.710
    35.955
    36.260
    36.511
    36.537
    36.419
    36.257
    36.112
    35.995
    35.918
    35.865
    35.816
    35.778
    35.704
    35.562
    35.406
    35.321
    35.241
    35.135
    35.070
    35.108
    35.213
    35.277
    35.256
    35.193
    35.160
    35.168
    35.184
    35.119
    34.958
    34.752
    34.588
    34.489
    34.467
    34.507
    34.497
    34.423
    34.330
    34.221
    34.153
    34.136
    34.152
    34.158
    34.097
    33.901
    33.684
    33.570
    33.537
    33.539
    33.551
    33.567
    33.598
    33.600
    33.548
    33.445
    33.359
    33.307
    33.284
    33.270
    33.265
    33.217
    33.156
    33.129
    33.120
    33.075
    32.999
    32.926
    32.856
    32.804
    32.754
    32.704
    32.663
    32.611
    32.552
    32.499
    32.435
    32.346
    32.247
    32.153
    32.081
    31.978
    31.846
    31.714
    31.592
    31.431
    31.241
    31.087
    30.996
    30.957
    30.954
    30.952
    30.956
    30.942
    30.910
    30.870
    30.831
    30.798
    30.768
    30.722
    30.652
    30.579
    30.506
    30.424
    30.366
    30.303
    30.247
    30.191
    30.155
    30.135
    30.098
    30.045
    29.961
    29.871
    29.774
    29.677
    29.607
    29.551
    29.518
    29.463
    29.388
    29.323
    29.273
    29.213
    29.158
    29.131
    29.117
    29.126
    29.145
    29.158
    29.148
    29.125
    29.097
    29.078
    29.040
    28.981
    28.926
    28.872
    28.840
    28.815
    28.790
    28.738
    28.654
    28.560
    28.460
    28.368
    28.292
    28.238
    28.177
    28.099
    28.028
    27.949
    27.871
    27.798
    27.723
    27.652
    27.592
    27.515
    27.449
    27.393
    27.326
    27.303
    27.270
    27.233
    27.209
    27.217
    27.196
    27.141
    27.056
    26.984
    26.924
    26.871
    26.830
    26.797
    26.778
    26.764
    26.736
    26.701
    26.676
    26.651
    26.623
    26.571
    26.523
    26.464
    26.398
    26.334
    26.250
    26.158
    26.069
    25.994
    25.915
    25.839
    25.774
    25.690
    25.603
    25.497
    25.370
    25.254
    25.162
    25.056
    24.948
    24.833
    24.726
    24.645
    24.554
    24.450
    24.353
    24.274
    24.195
    24.087
    23.984
    23.920
    23.864
    23.806
    23.759
    23.714
    23.681
    23.641
    23.608
    23.559
    23.499
    23.442
    23.370
    23.312
    23.238
    23.167
    23.105
    23.031
    22.950
    22.878
    22.811
    22.750
    22.710
    22.684
    22.639
    22.599
    22.542
    22.476
    22.381
    22.289
    22.196
    22.083
    21.960
    21.816
    21.673
    21.547
    21.425
    21.324
    21.235
    21.158
    21.099
    21.055
    21.054
    21.053
    21.043
    21.060
    21.082
    21.110
    21.138
   -61.308
   -61.160
   -61.002
   -60.854
   -60.699
   -60.535
   -60.361
   -60.188
   -60.014
   -59.823
   -59.627
   -59.425
   -59.203
   -58.979
   -58.731
   -58.460
   -58.183
   -57.900
   -57.606
   -57.279
   -56.939
   -56.559
   -19.079
   -18.953
   -18.811
   -18.689
   -18.574
   -18.413
   -18.249
   -18.081
   -17.910
   -17.736
   -17.565
   -17.360
   -17.162
   -16.979
   -16.651
   -16.486
   -16.337
   -16.174
   -16.017
   -15.319
   -15.184
   -15.029
   -14.865
   -14.684
   -14.516
   -14.333
   -14.150
   -13.956
   -13.760
   -13.570
   -13.378
   -13.208
   -13.022
   -12.850
   -12.661
   -12.472
   -12.289
   -12.097
   -11.909
   -11.722
   -11.540
   -11.366
   -11.188
   -11.012
   -10.816
   -10.625
   -10.428
   -10.254
   -10.038
    -9.847
    -9.696
    -9.526
    -9.344
    -9.164
    -8.974
    -8.788
    -8.597
    -8.406
    -8.223
    -8.039
    -7.855
    -7.670
    -7.480
    -7.274
    -7.069
    -6.890
    -6.704
    -6.519
    -6.352
    -6.203
    -6.030
    -5.837
    -5.634
    -5.437
    -5.239
    -5.053
    -4.863
    -4.683
    -4.506
    -4.319
    -4.153
    -3.978
    -3.808
    -3.633
    -3.477
    -3.307
    -3.132
    -2.989
    -2.853
    -2.706
    -2.566
    -2.403
    -2.256
    -2.133
    -1.990
    -1.829
    -1.675
    -1.528
    -1.372
    -1.196
    -1.002
    -0.803
    -0.606
    -0.419
    -0.233
    -0.058
     0.112
     0.289
     0.479
     0.672
     0.860
     1.040
     1.234
     1.428
     1.629
     1.822
     2.013
     2.191
     2.356
     2.536
     2.718
     2.893
     3.069
     3.244
     3.430
     3.617
     3.813
     4.015
     4.216
     4.425
     4.631
     4.837
     5.041
     5.240
     5.440
     5.637
     5.837
     6.027
     6.228
     6.442
     6.656
     6.877
     7.089
     7.300
     7.511
     7.717
     7.932
     8.125
     8.315
     8.499
     8.676
     8.861
     9.038
     9.237
     9.449
     9.646
     9.854
    10.094
    10.344
    10.590
    10.842
    11.068
    11.303
    11.536
    11.788
    12.026
    12.227
    12.421
    12.595
    12.777
    12.952
    13.147
    13.379
    13.583
    13.750
    13.915
    14.046
    14.680
    14.856
    14.994
    15.387
    15.538
    15.715
    15.910
    16.083
    16.267
    16.453
    16.643
    16.838
    17.020
    17.184
    17.335
    17.503
    17.663
    17.809
    17.946
    18.093
    18.253
    18.408
    18.550
    18.662
    18.763
    18.889
    19.001
    19.133
    19.291
    19.476
    19.657
    19.835
    20.003
    20.175
    20.357
    20.548
    20.708
    20.836
    20.971
    21.103
    21.227
    21.347
    21.502
    21.639
    21.781
    21.925
    22.079
    22.232
    22.356
    22.449
    22.535
    22.623
    22.707
    22.806
    22.910
    23.031
    23.142
    23.243
    23.345
    23.428
    23.507
    23.595
    23.674
    23.728
    23.751
    23.777
    23.808
    23.875
    23.940
    24.000
    24.032
    24.062
    24.099
    24.142
    24.197
    24.246
    24.309
    24.381
    24.430
    24.469
    24.537
    24.605
    24.666
    24.727
    24.817
    24.898
    24.988
    25.091
    25.178
    25.242
    25.324
    25.390
    25.441
    25.488
    25.537
    25.593
    25.645
    25.704
    25.782
    25.875
    25.970
    26.053
    26.125
    26.206
    26.292
    26.371
    26.410
    26.430
    26.433
    26.336
    26.388
    26.410
    26.434
    26.466
    26.521
    26.578
    26.630
    26.689
    26.752
    26.802
    26.856
    26.911
    26.962
    26.984
    26.970
    26.927
    26.865
    26.775
    26.679
    26.574
    26.494
    26.436
    26.414
    26.456
    26.504
    26.567
    26.630
    26.706
    26.781
    26.822
    26.817
    26.753
    26.678
    26.594
    26.500
    26.442
    26.453
    26.554
    26.682
    26.792
    26.836
    26.855
    26.881
    26.814
    26.748
    26.706
    26.637
    26.523
    26.431
    26.338
    26.254
    26.186
    26.116
    26.039
    25.952
    25.869
    25.791
    25.711
    25.623
    25.529
    25.461
    25.396
    25.327
    25.279
    25.233
    25.190
    25.121
    25.051
    24.984
    25.182
    24.882
    24.508
    24.135
    23.797
    23.498
    23.220
    22.949
    22.670
    22.271
    21.691
    21.028
    20.257
    19.379
    18.454
    17.518
    16.607
    15.707
    14.762
    13.802
    12.903
    12.140
    11.424
    10.669
     9.842
     9.014
     8.276
     7.655
     7.170
     6.794
     6.470
     6.102
     5.740
     5.451
     5.169
     4.852
     4.494
     4.082
     3.659
     3.206
     2.725
     2.271
     1.838
   -29.210
   -29.030
   -28.838
   -28.659
   -28.496
   -28.328
   -28.165
   -27.996
   -27.810
   -27.630
   -27.451
   -27.268
   -27.073
   -26.888
   -26.697
   -26.522
   -26.345
   -26.164
   -25.979
   -25.803
   -25.613
   -25.432
   -25.236
   -25.034
   -24.823
   -24.611
   -24.387
   -24.164
   -23.936
   -23.710
   -23.480
   -23.246
   -23.001
   -22.765
   -22.517
   -22.285
   -22.051
   -21.825
   -21.581
   -21.337
   -21.085
   -20.834
   -20.584
   -20.311
   -20.053
   -19.796
   -19.526
   -19.261
   -19.003
   -18.747
   -18.493
   -18.243
   -18.004
   -17.763
   -17.546
   -17.339
   -17.136
   -16.911
   -16.693
   -16.467
   -16.276
   -16.109
   -15.939
   -15.758
   -15.563
   -15.374
   -15.191
   -15.009
   -14.827
   -14.662
   -14.522
   -14.390
   -14.311
   -14.252
   -14.221
   -14.215
   -14.231
   -14.283
   -14.341
   -14.434
   -14.563
   -14.704
   -14.861
   -15.046
   -15.227
   -15.411
   -15.593
   -15.768
   -15.918
   -16.043
   -16.120
   -16.148
   -16.096
   -15.947
   -15.715
   -15.416
   -15.078
   -14.711
   -14.298
   -13.867
   -13.473
   -13.158
   -12.871
   -12.578
   -12.220
   -11.839
   -11.409
   -10.950
   -10.395
    -9.799
    -9.228
    -8.677
    -8.172
    -7.762
    -7.471
    -7.268
    -7.139
    -7.097
    -7.092
    -7.100
    -7.081
    -7.028
    -6.897
    -6.713
    -6.469
    -6.165
    -5.813
    -5.432
    -4.997
    -4.467
    -3.907
    -3.322
    -2.695
    -2.041
    -1.445
    -0.903
     6.951
     6.990
     7.006
     7.020
     7.092
     7.200
     7.275
     7.356
     7.346
     7.312
     7.285
     7.261
     7.249
     7.218
     7.156
     7.061
     6.957
     6.872
     6.789
     6.645
     6.502
     6.384
     6.296
     6.219
     6.122
     6.009
     5.922
     5.844
     5.792
     5.755
     5.726
     5.708
     5.665
     5.603
     5.547
     5.497
     5.451
     5.415
     5.363
     5.311
     5.261
     5.200
     5.159
     5.097
     5.020
     4.940
     4.851
     4.767
     4.678
     4.589
     4.490
     4.370
     4.252
     4.100
     3.954
     3.812
     3.660
     3.519
     3.389
     3.288
     3.188
     3.085
     3.002
     2.912
     2.832
     2.745
     2.674
     2.606
     2.540
     2.511
     2.477
     2.440
     2.409
     2.377
     2.349
     2.309
     2.280
     2.249
     2.228
     2.205
     2.193
     2.194
     2.217
     2.222
     2.210
     2.184
     2.154
     2.117
     2.071
     2.015
     1.968
     1.924
     1.879
     1.856
     1.845
     1.810
     1.761
     1.690
     1.618
     1.545
     1.493
     1.444
     1.394
     1.360
     1.312
     1.260
     1.225
     1.168
     1.109
     1.023
     0.920
     0.809
     0.697
     0.583
     0.496
     0.385
     0.270
     0.151
     0.045
    -0.051
    -0.121
    -0.172
    -0.216
    -0.268
    -0.337
    -0.416
    -0.496
    -0.581
    -0.657
    -0.739
    -0.849
    -0.946
    -1.022
    -1.064
    -1.073
    -1.086
    -1.085
    -1.073
    -1.071
    -7.491
    -7.565
    -7.652
    -7.792
    -7.949
    -8.091
    -8.205
    -8.315
    -8.395
    -8.465
    -8.520
    -8.587
    -8.649
    -8.709
    -8.756
    -8.800
    -8.842
    -8.877
    -8.900
    -8.895
    -8.888
    -8.875
    -8.857
    -8.852
    -8.847
    -8.845
    -8.856
    -8.852
    -8.858
    -8.864
    -8.878
    -8.909
    -8.939
    -8.990
    -9.058
    -9.131
    -9.193
    -9.273
    -9.334
    -9.400
    -9.454
    -9.504
    -9.526
    -9.514
    -9.528
    -9.542
    -9.566
    -9.588
    -9.607
    22.772
    22.997
    23.170
    23.235
    23.305
    23.426
    23.600
    23.774
    23.886
    23.957
    24.018
    24.077
    24.130
    24.193
    24.244
    24.312
    24.398
    24.505
    24.636
    24.781
    24.960
    25.194
    25.470
    25.800
    26.148
    26.476
    26.826
    27.246
    27.673
    28.085
    28.485
    28.843
    29.146
   -55.442
   -55.730
   -55.983
   -56.207
   -56.422
   -56.602
   -56.772
   -56.934
   -57.086
   -57.230
   -57.371
   -57.508
   -57.609
   -57.715
   -57.808
   -57.884
   -57.954
   -58.006
   -58.057
   -58.108
   -58.138
   -58.169
   -58.184
   -58.186
   -58.173
   -58.153
   -58.118
   -58.080
   -58.034
   -57.984
   -57.934
   -57.887
   -57.836
   -57.779
   -57.721
   -57.669
   -57.629
   -57.580
   -57.539
   -57.515
   -57.504
   -57.496
   -57.492
   -57.484
   -57.503
   -57.529
   -57.565
   -57.613
   -57.658
   -57.707
   -57.751
   -57.787
   -57.809
   -57.832
   -57.830
   -57.828
   -57.829
   -57.834
   -57.820
   -57.803
   -57.788
   -57.775
   -57.750
   -57.728
   -57.717
   -57.712
   -57.708
   -57.715
   -57.722
   -57.732
   -57.742
   -57.771
   -57.825
   -57.875
   -57.932
   -58.006
   -58.081
   -58.162
   -58.242
   -58.330
   -58.418
   -58.519
   -58.621
   -58.731
   -58.854
   -58.963
   -59.089
   -59.223
   -59.353
   -59.502
   -59.637
   -59.779
   -59.932
   -60.072
   -60.204
   -60.337
   -60.453
   -60.544
   -60.606
   -60.636
   -60.643
   -60.624
   -60.534
   -60.357
   -60.099
   -59.776
   -59.498
   -59.291
   -59.180
   -59.158
   -59.193
   -59.196
   -59.134
   -59.020
   -58.879
   -58.749
   -58.610
   -58.487
   -58.430
   -58.432
   -58.982
   -59.350
   -59.761
   -60.139
   -60.457
   -60.747
   -60.955
   -61.101
   -61.169
   -61.177
   -61.117
   -60.981
   -60.799
   -60.568
   -60.271
   -59.948
   -59.607
   -59.249
   -58.856
   -58.454
   -58.019
   -57.596
   -57.205
   -56.807
   -56.420
   -56.061
   -55.738
   -55.434
   -55.101
   -54.775
   -54.478
   -54.176
   -53.844
   -53.514
   -53.211
   -52.944
   -52.643
   -52.296
   -51.890
   -51.489
   -51.312
   -51.286
   -51.229
   -51.083
   -50.884
   -50.624
   -50.383
   -50.265
   -50.160
   -50.029
   -49.965
   -49.963
   -49.951
   -49.924
   -49.844
   -49.714
   -49.547
   -49.368
   -49.195
   -49.014
   -48.845
   -48.670
   -48.506
   -48.351
   -48.230
   -48.075
   -47.880
   -47.688
   -47.520
   -47.361
   -47.210
   -47.063
   -46.934
   -46.786
   -46.612
   -46.362
   -46.128
   -45.936
   -45.688
   -45.372
   -45.063
   -44.790
   -44.544
   -44.286
   -44.146
   -44.115
   -44.104
   -44.091
   -44.062
   -43.966
   -43.827
   -43.637
   -43.430
   -43.236
   -43.075
   -42.957
   -42.840
   -42.708
   -42.567
   -42.434
   -42.278
   -42.142
   -41.992
   -41.846
   -41.700
   -41.553
   -41.380
   -41.227
   -41.061
   -40.886
   -40.707
   -40.516
   -40.305
   -40.101
   -39.866
   -39.631
   -39.379
   -39.125
   -38.854
   -38.547
   -38.229
   -37.872
   -37.517
   -37.156
   -36.794
   -36.450
   -36.110
   -35.811
   -35.539
   -35.295
   -35.092
   -34.913
   -34.744
   -34.565
   -34.391
   -34.211
   -34.031
   -33.846
   -33.703
   -33.616
   -33.533
   -33.364
   -33.211
   -33.152
   -33.058
   -32.917
   -32.755
   -32.592
   -32.493
   -32.375
   -32.232
   -32.078
   -31.948
   -31.819
   -31.706
   -31.580
   -31.490
   -31.436
   -31.408
   -31.387
   -31.360
   -31.305
   -31.196
   -31.031
   -30.862
   -30.748
   -30.648
   -30.549
   -30.417
   -30.246
   -30.047
   -29.810
   -29.542
   -29.239
   -28.928
   -28.554
   -28.150
   -27.719
   -23.525
   -23.663
   -23.668
   -23.626
   -21.935
   -21.659
   -21.374
   -21.086
   -20.821
   -20.567
   -20.298
   -20.030
   -19.779
   -19.530
   -19.299
   -19.079
   -18.889
   -18.725
   -18.563
   -18.413
   -18.272
   -18.118
   -17.976
   -17.826
   -17.650
   -17.445
   -17.212
   -16.999
   -16.794
   -16.576
   -16.333
   -16.102
   -15.868
   -15.623
   -15.386
   -15.169
   -14.983
   -14.826
   -14.684
   -14.507
   -14.354
   -14.191
   -14.039
   -13.887
   -13.738
   -13.631
   -14.481
   -14.696
   -14.913
   -15.096
   -15.260
   -15.409
   -15.577
   -15.769
   -15.933
   -16.068
   -16.190
   -16.317
   -16.435
   -16.572
   -16.714
   -16.818
   -16.883
   -16.929
   -16.947
   -16.951
   -16.979
   -17.003
   -16.997
   -16.994
   -17.022
   -17.126
   -17.240
   -17.341
   -17.413
   -17.474
   -17.521
   -17.557
   -17.592
   -17.607
   -17.614
   -17.624
   -17.637
   -17.662
   -17.656
   -17.642
   -17.618
   -17.612
   -17.611
   -17.604
   -17.595
   -17.606
   -17.627
   -17.654
   -17.684
   -17.718
   -17.742
   -17.764
   -17.771
   -17.752
   -17.717
   -17.681
   -17.621
   -17.566
   -17.512
   -17.455
   -17.393
   -17.352
   -17.299
   -17.238
   -17.186
   -17.126
   -17.067
   -16.987
   -16.895
   -16.806
   -16.676
   -16.555
   -16.423
   -16.277
   -16.113
   -15.946
   -15.782
   -15.616
   -15.440
   -15.273
   -15.118
   -14.965
   -14.833
   -14.738
   -14.660
   -14.586
   -14.554
   -14.540
   -14.546
   -14.559
   -14.602
   -14.619
   -14.642
   -14.690
   -14.735
   -14.776
   -14.798
   -14.818
   -14.836
   -14.858
   -14.875
   -14.908
   -14.923
   -14.950
   -14.977
   -14.992
   -14.975
   -14.953
   -14.923
   -14.909
   -14.911
   -14.905
   -14.911
   -14.910
   -14.913
   -14.919
   -14.918
   -14.897
   -14.894
   -14.882
   -14.881
   -14.882
   -14.893
   -14.903
   -14.921
   -14.952
   -14.983
   -15.038
   -15.080
   -15.137
   -15.186
   -15.239
   -15.283
   -15.322
   -15.360
   -15.396
   -15.435
   -15.455
   -15.481
   -15.509
   -15.535
   -15.578
   -15.638
   -15.709
   -15.783
   -15.875
   -15.979
   -16.095
   -16.227
   -16.368
   -16.499
   -16.632
   -16.772
   -16.909
   -17.058
   -17.208
   -17.358
   -17.509
   -17.644
   -17.785
   -17.909
   -18.019
   -18.129
   -18.231
   -18.336
   -18.426
    31.384
    32.605
    33.719
    39.095
    39.064
    39.129
    39.264
    39.499
    39.793
    40.156
    40.599
    41.160
    43.072
    42.651
    42.074
    41.389
    40.766
    40.184
    39.664
    39.174
    38.771
    38.530
    38.418
    38.430
    38.573
    38.830
    39.176
    39.607
    40.056
    40.514
    41.010
    41.500
    42.005
    42.517
    43.008
   -60.215
   -60.123
   -60.039
   -59.957
   -59.872
   -59.794
   -59.714
   -59.653
   -59.583
   -59.495
   -59.398
   -59.312
   -59.211
   -59.084
   -58.953
   -58.854
   -58.760
   -58.686
   -58.612
   -58.556
   -58.547
   -58.548
   -58.501
   -58.443
   -58.391
   -58.332
   -58.276
   -58.248
   -58.248
   -58.202
   -58.113
   -58.043
   -57.991
   -57.955
   -57.936
   -57.914
   -57.905
   -57.915
   -57.906
   -57.876
   -57.856
   -57.833
   -57.832
   -57.829
   -57.849
   -57.846
   -57.826
   -57.808
   -57.805
   -57.787
   -57.778
   -57.773
   -57.760
   -57.748
   -57.721
   -57.705
   -57.664
   -57.606
   -57.529
   -57.428
   -57.328
   -57.206
   -57.089
   -56.969
   -56.839
   -56.700
   -56.556
   -56.400
   -56.240
   -56.089
   -55.947
   -55.816
   -55.703
   -55.578
   -55.447
   -55.321
   -55.178
   -55.055
   -54.919
   -54.762
   -54.583
   -54.386
   -54.161
   -53.931
   -53.697
   -53.469
   -53.243
   -53.057
   -52.894
   -52.762
   -52.657
   -52.572
   -52.511
   -52.447
   -52.386
   -52.323
   -52.241
   -52.154
   -52.068
   -51.985
   -51.898
   -51.807
   -51.716
   -51.615
   -51.504
   -51.405
   -51.299
   -51.186
   -51.064
   -50.929
   -50.792
   -50.646
   -50.495
   -50.332
   -50.165
   -49.998
   -49.829
   -49.659
   -49.477
   -49.288
   -49.082
   -48.874
   -48.648
   -48.413
   -48.197
   -47.997
   -47.789
   -47.559
   -47.344
   -47.129
   -46.930
   -46.734
   -46.571
   -46.411
   -46.263
   -46.116
   -45.969
   -45.838
   -45.717
   -45.600
   -45.481
   -45.366
   -45.263
   -45.152
   -45.046
   -44.945
   -44.841
   -44.717
   -44.600
   -44.475
   -44.355
   -44.222
   -44.100
   -43.982
   -43.857
   -43.738
   -43.604
   -43.478
   -43.347
   -43.229
   -43.090
   -42.953
   -42.828
   -42.698
   -42.564
   -42.420
   -42.294
   -42.146
   -42.001
   -41.853
   -41.714
   -41.558
   -41.410
   -41.253
   -41.091
   -40.929
   -40.768
   -40.616
   -40.452
   -40.294
   -40.134
   -39.961
   -39.801
   -39.617
   -39.438
   -39.246
   -39.063
   -38.878
   -38.689
   -38.499
   -38.316
   -38.144
   -37.973
   -37.824
   -37.696
   -37.562
   -37.433
   -37.321
   -37.197
   -37.083
   -36.978
   -36.873
   -36.788
   -36.712
   -36.630
   -36.550
   -36.472
   -36.413
   -36.342
   -36.260
   -36.178
   -36.100
   -36.012
   -35.923
   -35.835
   -35.759
   -35.685
   -35.611
   -35.555
   -35.508
   -35.469
   -35.450
   -35.442
   -35.435
   -35.446
   -35.468
   -35.500
   -35.545
   -35.605
   -35.687
   -35.767
   -35.851
   -35.958
   -36.062
   -36.161
   -36.277
   -36.404
   -36.535
   -36.685
   -36.853
   -37.008
   -37.173
   -37.324
   -37.444
   -37.516
   -37.531
   -37.479
   -37.307
   -37.003
   -36.554
   -35.960
   -35.315
   -34.704
   -34.231
   -33.895
   -33.609
   -33.470
   -33.355
   -33.207
   -33.076
   -33.063
   -33.102
   -33.158
   -33.295
   -33.509
   -33.924
   -34.297
   -34.645
   -34.949
   -35.257
   -35.554
   -35.828
   -35.995
   -36.025
   -36.018
   -36.126
   -36.251
   -36.363
   -36.376
   -36.273
   -36.070
   -35.777
   -35.387
   -34.937
   -34.417
   -33.949
   -33.511
   -33.067
   -32.625
   -32.202
   -31.749
   -29.342
   -29.618
   -29.885
   -30.150
   -30.380
   -30.556
   -30.703
   -30.786
   -30.822
   -30.825
   -30.817
   -30.814
   -30.834
   -30.855
   -30.860
   -30.859
   -30.852
   -30.823
   -30.803
   -30.775
   -30.751
   -30.712
   -30.652
   -30.571
   -30.485
   -30.445
   -30.456
   -30.441
   -30.416
   -30.396
   -30.385
   -30.352
   -30.338
   -30.312
   -30.288
   -30.255
   -30.218
   -30.191
   -30.192
   -30.193
   -30.191
   -30.184
   -30.169
   -30.134
   -30.106
   -30.065
   -30.020
   -29.986
   -29.950
   -29.927
   -29.897
   -29.886
   -29.870
   -29.861
   -29.845
   -29.824
   -29.816
   -29.790
   -29.756
   -29.723
   -29.677
   -29.638
   -29.595
   -29.575
   -29.580
   -29.623
   -29.643
   -29.658
   -29.667
   -29.656
   -29.636
   -29.594
   -29.556
   -29.516
   -29.466
   -29.436
   -29.402
   -29.383
   -29.398
   -29.433
   -29.479
   -29.519
   -29.545
   -29.560
   -29.586
   -29.611
   -29.661
   -29.711
   -29.791
   -29.856
   -29.927
   -30.011
   -30.102
   -30.206
   -30.300
   -30.392
   -30.459
   -30.474
   -30.565
   -30.630
   -30.701
   -30.732
   -30.753
   -30.847
   -30.875
    -5.818
    -5.669
    -5.512
    -5.341
    -5.157
    -4.982
    -4.849
    -4.740
    -4.632
    -4.512
    -4.396
    -4.277
    -4.149
    -4.023
    -3.904
    -3.783
    -3.657
    -3.546
    -3.432
    -3.362
    -3.361
    -3.468
    -3.610
    -3.693
    -3.734
    -3.723
    -3.679
    -3.608
    -3.516
    -3.404
    -3.280
    -3.137
    -2.960
    -2.742
    -2.529
    -2.293
    -2.017
    -1.720
    -1.426
    -1.111
    -0.785
    -0.502
    -0.261
    -0.008
     0.261
     0.544
     0.827
     1.095
     1.387
     1.700
     2.009
     2.332
     2.651
     2.967
     3.255
     3.562
     3.880
     4.187
     4.452
     4.679
     4.850
     5.038
     5.264
     5.530
     5.818
     6.122
     6.254
     6.331
     6.500
     6.717
     7.024
     7.282
     7.311
     7.347
     7.488
     7.686
     7.870
     8.038
     8.200
     8.360
     8.494
     8.595
     8.715
     8.894
     9.034
     9.091
     9.228
     9.425
     9.567
     9.706
     9.896
    10.107
    10.330
    10.615
    10.971
    11.306
    11.616
    11.884
    12.139
    12.346
    12.575
    12.799
    13.040
    13.293
    13.541
    13.733
    13.865
    13.989
    14.122
    14.273
    14.468
    14.765
    15.133
    15.427
    15.539
    15.664
    15.814
    15.986
    16.171
    16.386
    16.605
    16.827
    17.041
    17.262
    17.490
    17.714
    17.942
    18.168
    18.404
    18.629
    18.853
    19.081
    19.303
    19.506
    19.722
    19.950
    20.172
    20.370
    20.520
    20.619
    20.723
    20.857
    21.050
    21.282
    21.572
    21.913
    22.264
    22.577
    22.836
    23.071
    23.303
    23.531
    23.743
    23.947
    24.171
    24.396
    24.617
    24.837
    25.061
    25.330
    25.642
    25.988
    26.298
    26.523
    26.767
    27.131
    27.595
    27.877
    27.871
    27.935
    28.244
    28.765
    29.319
    29.642
    29.669
    29.793
    30.075
    30.472
    30.962
    31.362
    31.481
    31.327
    31.207
    31.286
    31.543
    31.929
    32.440
    32.716
    32.919
    32.802
    32.565
    32.555
    32.771
    33.130
    33.400
    33.389
    33.346
    33.413
    33.510
    33.627
    33.833
    34.117
    34.427
    34.725
    34.969
    35.165
    35.331
    35.504
    35.667
    35.850
    36.044
    36.218
    36.359
    36.490
    36.648
    36.810
    36.949
    37.097
    37.252
    37.371
    37.466
    37.545
    37.697
    37.927
    38.231
    38.512
    38.744
    38.918
    38.949
    38.835
    38.699
    38.597
    38.560
    38.562
    38.635
    38.721
    38.754
    38.753
    38.778
    38.838
    38.969
    39.120
    39.309
    39.556
    39.879
    40.250
    40.638
    41.040
    41.481
    41.952
    42.479
    43.024
    43.597
    44.168
    44.710
    45.214
    45.658
    46.038
    46.360
    46.638
    46.850
    47.026
    47.184
    47.312
    47.428
    47.535
    47.620
    47.722
    47.871
    48.064
    48.288
    58.389
    57.988
    57.512
    57.032
    56.563
    56.143
    55.769
    55.479
    55.241
    55.038
    54.877
    54.747
    54.655
    54.591
    54.540
    54.504
    54.494
    54.496
    54.514
    54.538
    54.569
    54.617
    54.654
    54.691
    54.715
    54.732
    54.751
    54.777
    54.801
    54.818
    54.841
    54.879
    54.937
    54.998
    55.074
    55.157
    55.254
    55.350
    55.447
    55.529
    55.616
    55.708
    55.791
    55.892
    55.982
    56.094
    56.202
    56.266
    56.302
    56.335
    56.376
    56.434
    56.510
    56.621
    56.749
    56.930
    57.131
    57.357
   -61.460
   -61.218
   -60.994
   -60.791
   -60.591
   -60.412
   -60.248
   -60.098
   -59.973
   -59.865
   -59.777
   -59.705
   -59.624
   -59.556
   -59.488
   -59.422
   -59.367
   -59.334
   -59.331
   -59.364
   -59.450
   -59.535
   -59.637
   -59.738
   -59.815
   -59.858
   -59.846
   -59.795
   -59.730
   -59.678
   -59.624
   -59.575
   -59.528
   -59.498
   -59.447
   -59.387
   -59.302
   -59.186
   -59.052
   -58.921
   -58.787
   -58.662
   -58.530
   -58.401
   -58.287
   -58.185
   -58.083
   -57.966
   -57.869
   -57.782
   -57.697
   -57.604
   -57.539
   -57.487
   -57.441
   -57.408
   -57.387
   -57.349
   -57.306
   -57.263
   -57.212
   -57.173
   -57.132
   -57.081
   -57.040
   -56.981
   -56.924
   -56.865
   -56.804
   -56.772
   -56.734
   -56.712
   -56.707
   -56.696
   -56.692
   -56.685
   -56.667
   -56.654
   -56.621
   -56.570
   -56.518
   -56.456
   -56.373
   -56.296
   -56.227
   -56.141
   -56.066
   -55.973
   -55.892
   -55.821
   -55.753
   -55.681
   -55.610
   -55.557
   -55.493
   -55.440
   -55.388
   -55.326
   -55.255
   -55.186
   -55.116
   -55.025
   -54.938
   -54.836
   -54.717
   -54.589
   -54.424
   -54.240
   -54.061
   -53.941
   -53.912
   -53.890
   -53.849
   -53.844
   -53.931
   -54.060
   -54.169
   -54.230
   -54.261
   -54.276
   -54.269
   -54.252
   -54.239
   -54.196
   -54.158
   -54.118
   -54.063
   -54.012
   -53.964
   -53.921
   -53.882
   -53.832
   -53.782
   -53.744
   -53.715
   -53.682
   -53.639
   -53.591
   -53.536
   -53.472
   -53.393
   -53.328
   -53.264
   -53.192
   -53.106
   -53.020
   -52.927
   -52.833
   -52.748
   -52.668
   -52.617
   -52.578
   -52.561
   -52.569
   -52.589
   -52.613
   -52.636
   -52.651
   -52.667
   -52.685
   -52.699
   -52.702
   -52.683
   -52.650
   -52.587
   -52.535
   -52.490
   -52.459
   -52.432
   -52.410
   -52.379
   -52.347
   -52.324
   -52.263
   -52.209
   -52.137
   -52.051
   -51.955
   -51.888
   -51.806
   -51.729
   -51.670
   -51.607
   -51.541
   -51.448
   -51.365
   -51.259
   -51.150
   -51.035
   -50.938
   -50.865
   -50.831
   -50.855
   -50.923
   -51.013
   -51.110
   -51.216
   -51.317
   -51.424
   -51.518
   -51.595
   -51.662
   -51.696
     2.189
     2.687
     3.210
     3.742
     4.273
     4.801
     5.258
     5.603
     5.892
     6.165
     6.469
     6.762
     7.095
     7.553
     8.148
     8.898
     9.797
    10.838
    11.968
    13.168
    14.410
    15.662
    16.830
    17.919
    18.969
    20.013
    21.014
    21.938
    22.750
    23.499
    24.210
    24.862
    25.465
    30.796
    30.905
    31.051
    31.202
    31.358
    31.528
    31.723
    31.915
    32.104
    32.311
    32.509
    32.684
    32.845
    33.019
    33.207
    33.399
    33.580
    33.740
    33.886
    34.018
    34.173
    34.358
    34.562
    34.760
    34.938
    35.102
    35.262
    35.442
    35.615
    35.772
    35.923
    36.070
    36.206
    36.330
    36.435
    36.550
    36.704
    36.877
    37.041
    37.217
    37.402
    37.584
    37.734
    37.860
    37.985
    38.151
    38.382
    38.589
    38.750
    38.889
    39.011
    39.129
    39.237
    39.330
    39.433
    39.559
    39.699
    39.887
    40.063
    40.258
    40.415
    40.569
    40.699
    40.827
    40.949
    41.080
    41.222
    41.337
    49.380
    49.304
    49.228
    49.160
    49.077
    48.986
    48.872
    48.720
    48.602
    48.467
    48.337
    48.228
    48.119
    48.009
    47.899
    47.769
    47.624
    47.490
    47.350
    47.216
    47.122
    47.051
    47.031
    47.054
    47.113
    47.204
    47.173
    47.140
    47.117
    47.074
    47.034
    46.987
    46.911
    46.819
    46.705
    46.563
    46.402
    46.204
    45.950
    45.709
    45.505
    45.365
    45.222
    45.122
    45.041
    44.985
    44.942
    44.913
    44.899
    44.895
    44.885
    44.864
    44.832
    44.791
    44.753
    44.712
    44.660
    44.614
    44.569
    44.528
    44.484
    44.429
    44.368
    44.312
    44.242
    44.158
    44.070
    43.973
    43.867
    43.778
    43.694
    43.623
    43.560
    43.509
    43.457
    43.403
    43.328
    43.243
    43.117
    42.991
    42.872
    42.761
    42.653
    42.561
    42.462
    42.361
    42.218
    42.048
    41.884
    41.756
    41.662
    41.581
    41.516
    41.462
    41.428
    41.434
    41.490
    41.582
    41.641
    41.688
    41.729
    41.743
    41.730
    41.682
    41.609
    41.486
    41.308
    41.136
    40.968
    40.762
    40.505
    40.210
    39.907
    39.647
    39.411
    39.185
    38.953
    38.712
    38.455
    38.188
    37.918
    37.645
    37.366
    37.080
    36.809
    36.538
    36.260
    35.986
    35.707
    35.458
    35.245
    35.056
    34.911
    34.799
    34.724
    34.681
    34.676
    34.678
    34.656
    34.612
    34.580
    34.556
    34.500
    34.408
    34.263
    34.116
    34.039
    34.032
    34.086
    34.215
    34.411
    34.634
    34.911
    35.201
    35.606
    36.027
    36.474
    36.949
    37.453
    37.991
    38.573
    39.168
    39.761
    40.182
    40.723
    41.156
   -62.442
   -62.397
   -62.362
   -62.335
   -62.288
   -62.254
   -62.208
   -62.165
   -62.106
   -62.041
   -61.981
   -61.923
   -61.869
   -61.825
   -61.772
   -61.727
   -61.668
   -61.610
   -61.552
   -61.507
   -61.471
   -61.448
   -61.410
   -61.390
   -61.367
   -61.342
   -61.321
   -61.289
   -61.257
   -61.234
   -61.198
   -61.157
   -61.127
   -61.089
   -61.049
   -61.009
   -60.975
   -60.938
   -60.913
   -60.881
   -60.839
   -60.789
   -60.721
   -60.664
   -60.606
   -60.547
   -60.491
   -60.447
   -60.389
   -60.329
   -60.271
   -60.213
   -60.134
   -60.045
   -59.946
   -59.850
   -59.760
   -59.683
   -59.608
   -59.537
   -59.471
   -59.413
   -59.358
   -59.312
   -59.269
   -59.230
   -59.171
   -59.101
   -59.033
   -58.958
   -58.881
   -58.803
   -58.729
   -58.656
   -58.583
   -58.520
   -58.454
   -58.411
   -58.373
   -58.334
   -58.293
   -58.259
   -58.232
   -58.203
   -58.179
   -58.155
   -58.127
   -58.099
   -58.078
   -58.046
   -58.024
   -57.994
   -57.974
   -57.952
   -57.938
   -57.919
   -57.898
   -57.868
   -57.839
   -57.818
   -57.807
   -57.810
   -57.823
   -57.811
   -57.815
   -57.817
   -57.819
   -57.829
   -57.830
   -57.835
   -57.833
   -57.835
   -57.835
   -57.827
   -57.822
   -57.815
   -57.803
   -57.798
   -57.792
   -57.783
   -57.774
   -57.770
   -57.761
   -57.758
   -57.743
   -57.737
   -57.723
   -57.725
   -57.712
   -57.689
   -57.691
   -57.659
   -57.642
   -57.623
   -57.610
   -57.590
   -57.559
   -57.525
   -57.487
   -57.445
   -57.373
   -57.286
   -57.191
   -57.064
   -56.914
   -56.714
   -56.493
   -56.223
   -55.905
   -55.553
   -55.144
   -54.696
   -54.217
   -53.779
   -53.409
   -53.113
   -52.829
   -52.614
   -52.373
   -52.142
   -51.948
   -51.764
   -51.603
   -51.449
    -0.008
     0.198
     0.417
     0.613
     0.832
     1.035
     1.248
     1.447
     1.638
     1.902
     2.216
     2.625
     3.450
     3.681
     3.925
     4.141
     4.355
     4.556
     4.740
     4.939
     5.125
     5.288
     5.455
     5.614
     5.749
     5.892
     6.065
     6.250
     6.451
     6.633
     6.802
     6.959
     7.120
     7.297
     7.509
     7.736
     7.946
     8.116
     8.291
     8.484
     8.668
     8.846
     9.056
     9.276
     9.499
     9.715
     9.945
    10.190
    10.457
    10.720
    10.963
    11.164
    11.350
    11.521
    11.704
    11.917
    12.135
    12.364
    12.601
    12.841
    13.065
    13.301
    13.542
    13.762
    13.941
    14.145
    14.364
    14.581
    14.796
    15.009
    15.235
    15.481
    15.744
    15.978
    16.174
    16.284
    16.374
    16.505
    16.659
    16.833
    17.006
    17.177
    17.345
    17.531
    17.724
    17.966
    18.271
    18.581
    18.796
    18.973
    19.159
    19.309
    19.465
    19.606
    19.754
    19.889
    20.034
    20.192
    20.361
    20.577
    20.769
    20.968
    21.144
    21.337
    21.526
    21.697
    22.432
    22.460
    22.518
    22.624
    22.788
    22.961
    23.135
    23.350
    23.548
    23.741
    23.968
    24.250
    24.496
    24.705
    24.945
    25.138
    26.766
    26.877
    27.572
    27.699
    27.816
    27.925
    28.065
    28.748
    28.937
    29.162
    29.411
    35.250
    35.302
    35.311
    35.316
    35.293
    35.277
    35.248
    35.252
    35.254
    35.260
    35.257
    35.252
    35.222
    35.179
    35.129
    35.063
    35.020
    35.010
    34.998
    34.982
    34.955
    34.931
    34.902
    34.891
    34.892
    34.895
    34.880
    34.873
    34.856
    34.844
    34.824
    34.774
    34.718
    34.673
    34.598
    34.520
    34.395
    34.271
    34.164
    34.090
    34.051
    34.037
    34.019
    34.004
    34.000
    34.041
    34.085
    34.083
    34.023
    33.928
    33.819
    33.706
    33.603
    33.519
    33.452
    33.396
    33.329
    33.260
    33.184
    33.088
    32.989
    32.855
    32.730
    32.634
    32.557
    32.488
    32.423
    32.352
    32.274
    32.186
    32.090
    32.006
    31.926
    31.822
    29.359
    28.814
    28.278
    27.689
    27.140
    26.625
    26.005
    25.300
    24.653
    23.960
    23.266
    22.601
    21.890
    21.116
    20.335
    19.578
    18.868
    18.203
    17.572
    16.970
    16.394
    15.898
    15.448
    15.071
    14.744
    14.408
    14.054
    13.697
    13.353
    13.093
    12.853
   -18.661
   -18.414
   -18.163
   -17.896
   -17.635
   -17.378
   -17.121
   -16.865
   -16.601
   -16.329
   -16.062
   -15.789
   -15.510
   -15.234
   -14.955
   -14.654
   -14.356
   -14.053
   -13.773
   -13.523
   -13.311
   -13.124
   -12.942
   -12.771
   -12.604
   -12.453
   -12.310
   -12.171
   -12.057
   -11.948
   -11.849
   -11.769
   -11.699
   -11.654
   -11.608
   -11.587
   -11.603
   -11.633
   -11.683
   -11.754
   -11.840
   -11.931
   -12.041
   -12.171
   -12.303
   -12.428
   -12.530
   -12.615
   -12.662
   -12.654
   -12.587
   -12.434
   -12.198
   -11.893
   -11.547
   -11.182
   -10.824
   -10.484
   -10.172
    -9.880
    -9.627
    -9.395
    -9.214
    -9.093
    -8.978
    -8.880
    -8.799
    -8.679
    -8.563
    -8.525
    -8.467
    -8.389
    -8.366
    -8.404
    -8.455
    -8.546
    -8.627
    -8.694
    -8.714
    -8.682
    -8.576
    -8.403
    -8.141
    -7.764
    -7.313
    -6.789
    -6.217
    -5.593
    -4.894
    -4.137
    -3.334
    -2.439
    -1.555
    -0.644
     0.303
     1.277
     2.284
     3.344
    16.716
    16.736
    16.741
    16.758
    16.800
    16.846
    16.900
    16.955
    17.016
    17.088
    17.110
    17.091
    17.064
    17.048
    17.061
    17.127
    17.235
    17.324
    17.391
    17.436
    17.458
    17.501
    17.508
    17.524
    17.545
    17.570
    17.598
    17.625
    17.654
    17.683
    17.723
    17.760
    17.789
    17.812
    17.813
    17.805
    17.806
    17.838
    17.895
    17.949
    17.971
    17.983
    17.986
    17.995
    17.984
    17.966
    17.944
    17.928
    17.898
    17.887
    17.867
    17.861
    17.850
    17.848
    17.841
    17.830
    17.825
    17.815
    17.805
    17.773
    17.772
    17.792
    17.847
    17.895
    17.925
    17.954
    17.979
    17.991
    18.002
    18.022
    18.027
    18.016
    18.005
    17.998
    17.972
    17.967
    17.975
    17.966
    17.954
    17.936
    17.934
    17.944
    17.958
    17.954
    17.927
    17.891
    17.846
    17.830
    17.825
    17.829
    17.838
    17.854
    17.879
    17.900
    17.930
    17.969
    17.989
    17.993
    18.005
    17.987
    17.924
    17.879
    17.821
    17.758
    17.705
    17.648
    17.592
    17.521
    17.430
    17.326
    17.233
    17.140
    17.048
    16.972
    16.904
    16.846
    16.785
    16.731
    16.654
    16.578
    16.516
    16.451
    16.369
    16.267
    16.167
    16.066
    15.992
    15.915
    15.838
    15.745
    15.652
    15.552
    15.456
    15.370
    15.299
    15.235
    15.196
    15.172
    15.182
    15.214
    15.250
    15.270
    15.209
    15.095
    14.999
    14.936
    14.882
    14.857
    14.851
    14.870
    14.924
    14.982
    15.057
    15.120
    15.145
    15.128
    15.064
    14.962
    14.853
    14.770
    14.699
    14.637
    14.593
    14.557
    14.536
    14.521
    14.503
    14.446
    14.342
    14.226
    14.133
    14.061
    13.973
    13.875
    13.785
    13.681
    13.569
    13.446
    13.332
    13.221
    13.116
    13.020
    12.901
    12.787
    12.692
    12.599
    12.520
    12.458
    12.406
    12.345
    12.285
    12.226
    12.173
    12.123
    12.068
    12.020
    11.972
    11.927
    11.885
    11.858
    11.831
    11.805
    11.786
    11.765
    11.752
    11.745
    11.734
    11.733
    11.714
    11.712
    11.708
    11.717
    11.740
    11.743
    11.734
    11.722
    11.695
    11.661
    11.626
    11.606
    11.574
    11.548
    11.509
    11.474
    11.444
    11.417
    11.379
    11.329
    11.281
    11.227
    11.183
    11.120
    11.058
    11.005
    10.936
    10.869
    10.804
    10.749
    10.687
    10.640
    10.577
    10.514
    10.464
    10.421
    10.384
    10.349
    10.335
    10.323
    10.310
    10.290
    10.278
    10.248
    10.249
    10.248
    10.230
    10.147
    10.051
     9.956
     9.881
     9.816
     9.762
     9.697
     9.615
     9.513
     9.442
     9.377
     9.309
     9.258
     9.196
     9.149
     9.120
     9.073
     8.992
     8.882
     8.769
     8.641
     8.500
     8.348
     8.203
     8.042
     7.849
     7.695
     7.584
     7.500
     7.421
     7.364
     7.308
     7.252
     7.196
     7.144
     7.074
     6.997
     6.892
     6.806
     6.726
     6.643
     6.571
     6.504
     6.435
     6.380
     6.316
     6.257
     6.153
     6.022
     5.871
     5.691
     5.513
     5.326
     5.127
     4.937
     4.736
     4.533
     4.341
     4.161
     4.031
     3.894
     3.779
     3.685
     3.629
     3.584
     3.519
     3.472
     3.443
     3.473
     3.532
     3.579
     3.612
     3.656
     3.693
     3.750
     3.796
     3.847
     3.881
     3.901
     3.894
     3.873
     3.852
     3.823
     3.782
     3.719
     3.650
     3.587
     3.544
     3.503
     3.494
     3.497
     3.511
     3.528
     3.543
     3.520
     3.464
     3.397
     3.364
     3.379
     3.397
     3.375
     3.336
     3.297
     3.282
     3.274
     3.231
     3.156
     3.067
     2.982
     2.920
     2.874
     2.842
     2.828
     2.833
     2.896
     3.004
     3.068
     2.954
     2.842
     2.767
     2.749
     2.816
     2.740
     2.482
     2.265
     2.077
     1.939
     1.837
     1.769
     1.695
     1.623
     1.536
     1.438
     1.330
     1.212
     1.102
     0.995
     0.910
     0.830
     0.748
     0.654
     0.533
     0.402
     0.258
     0.118
    -0.012
    -0.157
    -0.288
    -0.402
    -0.509
    -0.621
    -0.702
    -0.764
    -0.787
    -0.774
    -0.751
    -0.702
    -0.625
    -0.524
    -0.392
    -0.225
    -0.048
     0.129
     0.285
     0.412
     0.509
     0.597
     0.703
     0.794
     0.844
     0.876
     0.882
     0.882
     0.883
     0.889
     0.897
     0.893
     0.884
     0.853
     0.824
     0.806
     0.761
     0.752
     0.747
     0.727
     0.700
     0.667
     0.617
     0.578
     0.548
     0.508
     0.449
     0.399
     0.339
   -46.684
   -46.602
   -46.519
   -46.422
   -46.339
   -46.268
   -46.195
   -46.130
   -46.069
   -45.994
   -45.946
   -45.904
   -45.860
   -45.805
   -45.735
   -45.665
   -45.577
   -45.478
   -45.379
   -45.283
   -45.183
   -45.077
   -44.963
   -44.857
   -44.748
   -44.645
   -44.545
   -44.449
   -44.346
   -44.263
   -44.169
   -44.073
   -43.986
   -43.900
   -43.817
   -43.741
   -43.650
   -43.581
   -43.507
   -43.421
   -43.341
   -43.267
   -43.187
   -43.107
   -43.023
   -42.931
   -42.799
   -42.633
   -42.456
   -42.290
   -42.129
   -41.970
   -41.803
   -41.655
   -41.496
   -41.357
   -41.241
   -41.111
   -40.969
   -40.828
   -40.695
   -40.558
   -40.426
   -40.271
   -40.097
   -39.904
   -39.708
   -39.494
   -39.292
   -39.090
   -38.891
   -38.693
   -38.491
   -38.296
   -38.097
   -37.883
   -37.679
   -37.480
   -37.283
   -37.118
   -36.960
   -36.778
   -36.592
   -36.455
   -36.310
   -36.162
   -36.000
   -35.849
   -35.694
   -35.509
   -35.295
   -35.072
   -34.865
   -34.672
   -34.463
   -34.300
   -34.140
   -33.921
   -33.688
   -33.485
   -33.298
   -33.135
   -32.970
   -32.806
   -32.643
   -32.488
   -32.326
   -32.146
   -31.961
   -31.762
   -31.573
   -31.394
   -31.210
   -31.047
   -30.906
   -30.729
   -30.562
   -30.361
   -30.158
   -29.946
   -29.743
   -29.530
   -29.330
   -29.134
   -28.955
   -28.796
   -28.183
   -27.983
   -27.822
   -27.648
   -27.501
   -27.346
   -27.212
   -27.080
   -26.951
   -26.823
   -26.685
   -26.537
   -22.992
   -22.796
   -22.616
   -22.451
   -22.285
   -22.078
   -21.862
   -21.650
   -21.430
   -21.266
   -21.095
   -20.918
   -20.737
   -20.540
   -20.369
   -20.213
   -20.055
   -19.891
   -19.730
   -19.566
   -19.409
   -19.294
   -19.187
   -19.003
   -18.818
   -18.653
   -18.478
   -18.309
   -18.122
   -17.930
   -17.723
   -17.520
   -17.327
   -17.127
   -16.930
   -16.749
   -16.585
   -16.414
   -16.246
   -16.071
   -15.915
   -15.754
   -15.605
   -15.452
   -15.304
   -15.148
   -14.999
   -14.847
   -14.696
   -14.550
   -14.393
   -14.238
   -14.089
   -13.948
   -13.797
   -13.645
   -13.500
   -13.356
   -13.222
   -13.104
   -12.968
   -12.839
   -12.703
   -12.530
   -12.309
   -12.095
   -11.906
   -11.749
   -11.578
   -11.372
   -11.189
   -11.025
   -10.875
   -10.726
   -10.572
   -10.414
   -10.257
   -10.107
    -9.943
    -9.778
    -9.614
    -9.445
    -9.266
    -9.091
    -8.922
    -8.755
    -8.609
    -8.467
    -8.319
    -8.178
    -8.044
    -7.920
    -7.797
    -7.660
    -7.537
    -7.406
    -7.279
    -7.145
    -6.999
    -6.884
    -6.774
    -6.666
    -6.569
    -6.498
    -6.422
    -6.344
    -6.265
    -6.178
    -6.078
    -5.960
    -5.813
    -5.658
    -5.509
     3.475
     2.908
     2.315
     1.691
     1.135
     0.553
     0.002
    -0.557
    -1.121
    -1.695
    -2.249
    -2.809
    -3.405
    -3.925
    -4.436
    -4.937
    -5.388
    -5.831
    -6.238
    -6.628
    -6.976
    -7.277
    -7.562
    -7.803
    -7.974
    -8.116
    -8.233
    -8.305
    -8.341
    -8.359
    -8.347
    -8.302
    -8.208
    -8.034
    -7.838
    -7.624
    -7.442
    -7.276
    -7.122
    -7.012
    -6.955
    -7.005
    -7.094
    -7.201
    -7.306
    -7.438
    -7.587
    -7.720
    -7.819
    -7.986
    -8.161
    -8.328
    -8.465
    -8.582
    -8.729
    -8.879
    -9.042
    -9.211
    -9.363
    -9.507
    -9.674
    -9.868
   -10.065
   -10.236
   -10.360
   -10.496
   -10.593
   -10.646
   -10.662
   -10.603
   -10.508
   -10.387
   -10.234
   -10.063
    -9.893
    -9.701
    -9.521
    -9.323
    -9.138
    -8.953
    -8.788
    -8.617
    -8.446
    -8.278
    -8.115
    -7.948
    -7.795
    -7.637
    -7.480
    -7.340
    -7.188
    -7.033
    -6.880
    -6.720
    -6.564
    -6.422
    -6.279
    -6.124
    -5.960
    -5.780
    -5.617
    -5.453
    -5.300
    -5.140
    -4.997
    -4.889
    -4.809
    -4.723
    -4.653
    -4.616
   -51.826
   -51.686
   -51.528
   -51.337
   -51.138
   -50.916
   -50.687
   -50.443
   -50.222
   -50.018
   -49.836
   -49.704
   -49.591
   -49.509
   -49.453
   -49.388
   -49.316
   -49.218
   -49.088
   -48.935
   -48.751
   -48.568
   -48.416
   -48.285
   -48.189
   -48.119
   -48.047
   -47.990
   -47.922
   -47.847
   -47.777
   -47.698
   -47.630
   -47.565
   -47.485
   -47.416
   -47.337
   -47.240
   -47.132
   -47.013
   -46.890
   -46.758
   -46.614
   -46.477
   -46.341
   -46.208
   -46.070
   -45.938
   -45.815
   -45.698
   -45.589
   -45.485
   -45.394
   -45.312
   -45.245
   -45.187
   -45.117
   -45.053
   -44.999
   -44.934
   -44.877
   -44.795
   -44.703
   -44.600
   -44.492
   -44.375
   -44.248
   -44.137
   -44.001
   -43.875
   -43.742
   -43.596
   -43.452
   -43.311
   -43.171
   -43.026
   -42.893
   -42.744
   -42.585
   -42.418
   -42.234
   -42.035
   -41.825
   -41.611
   -41.408
   -41.205
   -40.999
   -40.797
   -40.597
   -40.399
   -40.190
   -39.972
   -39.757
   -39.538
   -39.326
   -39.122
   -38.918
   -38.707
   -38.512
   -38.324
   -38.134
   -37.960
   -37.783
   -37.614
   -37.420
   -37.217
   -36.999
   -36.764
   -36.525
   -36.282
   -36.015
   -35.737
   -35.451
   -35.149
   -34.854
   -34.575
   -34.323
   -34.107
   -33.909
   -33.753
   -33.627
   -33.530
   -33.443
   -33.367
   -33.303
   -33.206
   -33.102
   -32.987
   -32.848
   -32.679
   -32.483
   -32.260
   -32.031
   -31.776
   -31.499
   -31.197
   -30.893
   -30.569
   -30.270
   -30.012
   -29.809
   -29.659
   -29.542
   -29.430
   -29.299
   -29.115
   -28.887
   -28.649
   -28.415
   -28.203
   -28.032
   -27.866
   -27.730
   -27.615
   -27.528
   -27.441
   -27.329
   -27.215
   -27.049
   -26.876
   -26.710
   -26.569
   -26.421
   -26.250
   -26.042
   -25.825
   -25.607
   -25.406
   -25.258
   -25.144
   -25.056
   -24.970
   -24.899
   -24.865
   -24.830
   -24.828
   -24.860
   -24.877
   -24.909
   -24.918
   -24.912
   -24.925
   -24.986
   -25.077
   -25.191
   -25.327
   -25.480
   -25.666
   -25.828
   -25.959
   -26.085
   -26.202
   -26.304
   -26.416
   -26.534
   -26.692
   -26.837
   -26.921
   -26.989
   -27.046
   -27.050
   -27.020
   -26.978
   -26.883
   -26.772
   -26.630
   -26.442
   -26.205
   -25.902
   -25.563
   -25.155
   -24.706
   -24.270
   -23.703
   -23.104
   -22.563
   -22.033
   -21.513
   -21.073
   -21.117
   -21.248
   -21.357
   -21.461
   -21.532
   -21.555
   -21.536
   -21.468
   -21.365
   -21.243
   -21.108
   -20.993
   -20.878
   -20.743
   -16.988
   -16.963
   -16.941
   -16.921
   -16.904
   -16.887
   -16.882
   -16.888
   -16.908
   -16.947
   -16.989
   -17.034
   -17.064
   -17.074
   -17.048
   -16.990
   -16.895
   -16.782
   -16.686
   -16.598
   -16.512
   -16.454
   -16.392
   -16.358
   -16.330
   -16.304
   -16.288
   -16.276
   -16.272
   -16.264
   -16.257
   -16.248
   -16.229
   -16.215
   -16.196
   -16.172
   -16.169
   -16.178
   -16.210
   -16.241
   -16.264
   -16.295
   -16.334
   -16.421
   -16.507
   -16.575
   -16.615
   -16.652
   -16.658
   -16.726
   -16.732
   -16.768
   -16.928
   -16.952
   -18.827
   -18.934
   -19.044
   -19.141
   -19.232
   -19.311
   -19.393
   -19.513
   -19.638
   -19.749
   -19.821
   -19.889
   -19.934
   -19.999
   -20.102
   -20.196
   -20.294
   -20.401
   -20.488
   -20.584
   -20.693
   -20.804
   -20.925
   -21.059
   -21.158
   -21.242
   -21.318
   -21.398
   -21.476
   -21.548
   -21.619
   -21.694
   -21.785
   -21.881
   -21.980
   -22.074
   -22.164
   -22.265
   -22.357
   -22.438
   -22.519
   -22.614
   -22.700
   -22.764
   -22.828
   -22.886
   -22.932
   -22.957
   -22.996
   -23.030
   -23.048
   -23.068
   -23.092
   -23.108
   -23.117
   -23.132
   -23.164
   -23.199
   -23.231
   -23.265
   -23.301
   -23.331
   -23.353
   -23.372
   -23.413
   -23.465
   -23.529
   -23.604
   -23.663
   -23.690
   -23.674
   -23.648
   -23.635
   -23.650
   -23.664
   -23.652
   -23.650
   -23.674
   -23.725
   -23.781
   -23.821
     2.527
     2.749
     2.953
     3.125
     3.275
     3.415
     3.549
     3.702
     3.875
     4.061
     4.213
     4.352
     4.469
     4.569
     4.694
     4.851
     4.944
     5.036
     5.128
     5.226
     5.336
     5.418
     5.473
     5.534
     5.609
     5.665
     5.709
     5.751
     5.803
     5.901
     6.059
     6.266
     6.489
     6.759
     7.039
     7.335
     7.652
     7.964
     8.270
     8.538
     8.774
     9.009
     9.251
     9.507
     9.741
     9.963
    10.165
    10.348
    10.502
    10.643
    10.803
    10.972
    11.176
    11.440
    11.721
    12.029
    12.358
    12.700
    13.015
    13.208
    13.364
    13.569
    13.862
    14.293
    14.737
    14.992
    15.154
    15.320
    15.467
    15.553
    15.685
    15.906
    16.183
    16.451
    16.686
    16.890
    17.041
    17.178
    17.345
    17.549
    17.785
    18.033
    18.291
    18.526
    18.734
    18.969
    19.212
    19.463
    19.715
    19.967
    20.200
    20.458
    20.710
    20.963
    21.197
    21.417
    21.619
    21.841
    22.062
    22.307
    22.557
    22.802
    23.059
    23.317
    23.578
    23.822
    24.059
    24.261
    24.471
    24.694
    24.912
    25.126
    25.326
    25.497
    25.667
    25.848
    26.034
    26.214
    26.381
    26.564
    26.781
    27.042
    27.317
    27.568
    27.802
    27.986
    28.166
    28.329
    28.512
    28.698
    28.893
    29.078
    29.280
    29.489
    29.682
    29.890
    30.117
    30.355
    30.579
    30.795
    30.997
    31.177
    31.333
    31.485
    31.645
    31.840
    32.055
    32.245
    32.410
    32.551
    32.700
    32.857
    33.021
    33.179
    33.358
    33.575
    33.834
    34.118
    34.424
    34.746
    35.134
    35.584
    36.112
    36.796
    37.584
    38.297
    38.785
    39.159
    39.479
    39.758
    40.001
    40.212
    40.419
    40.625
    40.794
    40.943
    41.041
    41.117
    41.162
    41.231
    41.304
    41.405
    41.517
    41.630
    41.732
    41.809
    41.895
    41.985
    42.117
    42.281
    42.430
    42.465
    42.458
    42.364
    42.341
    42.412
    42.528
    42.672
    42.846
    43.047
    43.265
    43.489
    43.698
    43.887
    44.082
    44.248
    44.428
    44.645
    44.877
    45.138
    45.433
    45.775
    46.138
    46.605
    47.159
    47.683
    48.087
    48.440
    48.762
    51.910
    51.819
    51.693
    51.534
    51.357
    51.196
    51.070
    50.962
    50.871
    50.805
    50.737
    50.674
    50.614
    50.609
    50.666
    50.786
    50.967
    51.164
    51.403
    51.673
    51.964
    52.257
    52.546
    52.823
    53.103
    53.370
    53.617
    53.813
    53.943
    54.026
    54.112
    54.262
    54.456
    54.636
    54.829
    54.995
    55.140
    55.260
    55.362
    55.475
    55.608
    55.767
    55.959
    56.173
    56.418
    56.697
    56.981
    57.251
    57.509
    57.742
    57.960
    58.158
    58.350
    58.532
    58.691
    58.848
    59.024
    59.226
    59.454
    59.693
    59.965
    60.241
    60.477
    60.699
    60.870
    60.954
    61.927
    62.370
    62.834
    63.189
    62.223
    61.701
    61.210
    60.853
    60.575
    60.348
    60.157
    59.998
    59.878
    59.774
    59.678
    59.583
    59.532
    59.522
    59.549
    59.565
    59.556
    59.553
    59.533
    59.492
    59.441
    59.421
    59.416
    59.411
    59.409
   -60.028
   -59.844
   -59.660
   -59.466
   -59.274
   -59.098
   -58.905
   -58.720
   -58.534
   -58.360
   -58.228
   -58.102
   -57.980
   -57.868
   -57.746
   -57.627
   -57.501
   -57.353
   -57.189
   -57.035
   -56.832
   -56.592
   -56.353
   -56.116
   -55.921
   -55.744
   -55.602
   -55.493
   -55.377
   -55.249
   -55.115
   -54.954
   -54.808
   -54.684
   -54.569
   -54.464
   -54.374
   -54.307
   -54.276
   -54.254
   -54.281
   -54.335
   -54.426
   -54.549
   -54.684
   -54.771
   -54.789
   -54.747
   -54.638
   -54.480
   -54.272
   -54.018
   -53.780
   -53.526
   -53.272
   -53.040
   -52.852
   -52.709
   -52.586
   -52.468
   -52.362
   -52.222
   -52.100
   -51.989
   -51.875
   -51.784
   -51.703
   -51.659
   -51.629
   -51.632
   -51.651
   -51.677
   -51.727
   -51.769
   -51.808
   -51.826
   -51.835
   -51.830
   -51.839
   -51.842
   -51.842
   -51.824
   -51.805
   -51.764
   -51.724
   -51.662
   -51.597
   -51.520
   -51.434
   -51.342
   -51.235
   -51.131
   -51.026
   -50.913
   -50.829
   -50.752
   -50.683
   -50.615
   -50.535
   -50.480
   -50.408
   -50.341
   -50.285
   -50.239
   -50.189
   -50.140
   -50.105
   -50.054
   -50.017
   -49.972
   -49.927
   -49.899
   -49.871
   -49.857
   -49.816
   -49.781
   -49.734
   -49.683
   -49.643
   -49.578
   -49.496
   -49.418
   -49.323
   -49.226
   -49.108
   -49.002
   -48.902
   -48.822
   -48.764
   -48.736
   -48.711
   -48.680
   -48.643
   -48.591
   -48.542
   -48.485
   -48.425
   -48.356
   -48.293
   -48.226
   -48.160
   -48.098
   -48.028
   -47.948
   -47.876
   -47.801
   -47.720
   -47.641
   -47.563
   -47.483
   -47.390
   -47.305
   -47.216
   -47.124
   -47.026
   -46.917
   -46.821
   -46.715
   -46.601
   -46.480
   -46.353
   -46.239
   -46.130
   -46.003
   -45.877
   -45.762
   -45.635
   -45.517
   -45.411
   -45.285
   -45.187
   -45.078
   -44.970
   -44.856
   -44.760
   -44.650
   -44.545
   -44.446
   -44.330
   -44.228
   -44.124
   -44.018
   -43.901
   -43.786
   -43.680
   -43.569
   -43.455
   -43.335
   -43.228
   -43.139
   -43.054
   -42.980
   -42.923
   -42.901
   -42.881
   -42.866
   -42.861
   -42.852
   -42.849
   -42.841
   -42.840
   -42.818
   -42.799
   -42.774
   -42.737
   -42.686
   -42.624
   -42.559
   -42.492
   -42.422
   -42.346
   -42.264
   -42.190
   -42.112
   -42.030
   -41.955
   -41.875
   -41.811
   -41.737
   -41.648
   -41.550
   -41.442
   -41.347
   -41.236
   -41.149
   -41.070
   -41.009
   -40.957
   -40.920
   -40.881
   -40.849
   -40.814
   -40.799
   -40.790
   -40.802
   -40.826
   -40.856
   -40.891
   -40.925
   -40.957
   -40.995
   -41.038
   -41.071
   -41.111
   -41.132
   -41.154
   -41.162
   -41.172
   -41.188
   -41.197
   -41.209
   -41.235
   -41.258
   -41.285
   -41.308
   -41.324
   -41.342
   -41.368
   -41.391
   -41.423
   -41.459
   -41.512
   -41.568
   -41.630
   -41.725
   -41.816
   -41.925
   -42.011
   -42.074
   -42.118
   -42.132
   -42.116
   -42.082
   -42.036
   -41.975
   -41.921
   -41.872
   -41.850
   -41.844
   -41.858
   -41.890
   -41.943
   -42.028
   -42.092
   -42.163
   -42.200
   -42.225
   -42.217
   -42.200
   -42.148
   -42.073
   -41.971
   -41.871
   -41.740
   -41.595
   -41.449
   -41.292
   -41.141
   -40.975
   -40.823
   -40.678
   -40.538
   -40.414
   -40.336
   -40.311
   -40.354
   -40.427
   -40.546
   -40.651
   -40.760
   -40.851
   -40.932
   -40.989
   -41.035
   -41.067
   -41.090
   -41.104
   -41.103
   -41.097
   -41.106
   -41.119
   -41.138
   -41.141
   -41.145
   -41.135
   -41.121
   -41.117
   -41.098
   -41.069
   -41.029
   -41.008
   -40.978
   -40.944
   -40.904
   -40.861
   -40.829
   -40.803
   -40.779
   -40.759
   -40.750
   -40.755
   -40.759
   -40.775
   -40.821
   -40.876
   -40.899
   -40.898
   -40.895
   -40.882
   -40.857
   -40.816
   -40.768
   -40.715
   -40.659
   -40.609
   -40.543
   -40.458
   -40.379
   -40.289
   -40.177
   -40.046
   -39.930
   -39.807
   -39.686
    13.351
    13.488
    13.731
    14.108
    14.533
    14.979
    15.423
    15.923
    16.503
    17.181
    17.968
    18.821
    19.734
    20.637
    21.487
    22.282
    23.008
    23.688
    24.344
    24.982
    25.701
    26.430
    27.219
    28.081
    28.981
    29.941
    30.863
    34.154
    34.169
    34.195
    34.288
    34.439
    34.641
    34.888
    37.039
    37.218
    37.391
    37.613
    37.827
    38.046
    38.257
    38.460
    38.647
    38.818
    39.024
    39.225
    39.445
    39.648
    39.866
    40.083
    40.304
    40.503
    40.705
    40.944
    41.180
    41.404
    41.640
    41.873
    42.088
    42.285
    42.456
    42.645
    42.841
    43.062
    43.282
    43.480
    43.685
    43.888
    44.077
    44.287
    44.519
    44.734
    44.936
    45.109
    45.277
    45.439
    45.600
    45.745
    45.876
    45.981
    46.075
    46.164
    46.276
    46.390
    46.514
    46.630
    46.750
    46.878
    47.017
    47.181
    47.366
    47.578
    47.813
    48.038
    48.248
    48.430
    57.651
    57.545
    57.462
    57.409
    57.392
    57.396
    57.417
    57.477
    57.551
    57.638
    57.749
    57.847
    57.952
    58.064
    58.144
    58.186
    58.242
    58.318
    58.410
    58.491
    58.555
    58.629
    58.694
    58.729
    58.708
    58.696
    58.763
    58.872
    59.055
    59.309
    59.684
    59.985
    59.952
    59.920
    59.834
    59.723
    59.573
    59.418
    59.260
    59.099
    58.925
    58.772
    58.628
    58.460
    58.259
    57.996
    57.692
    57.358
    57.040
    56.746
    56.509
    56.355
    56.266
    56.178
    56.114
    56.040
    55.976
    55.909
    55.859
    55.811
    55.772
    55.743
    55.713
    55.692
    55.678
    55.692
    55.710
    55.754
    55.836
    55.889
    55.900
    55.842
    55.723
    55.610
    55.531
    55.474
    55.419
    55.394
    55.383
    55.399
    55.424
    55.474
    55.514
    55.560
    55.583
    55.557
    55.538
    55.533
    55.561
    55.587
    55.587
   -58.693
   -58.569
   -58.464
   -58.398
   -58.336
   -58.277
   -58.216
   -58.160
   -58.116
   -58.082
   -58.037
   -57.960
   -57.878
   -57.753
   -57.618
   -57.482
   -57.326
   -57.165
   -57.005
   -56.834
   -56.631
   -56.446
   -56.317
   -56.248
   -56.208
   -56.191
   -56.153
   -56.102
   -56.022
   -55.963
   -55.886
   -55.776
   -55.637
   -55.466
   -55.276
   -55.064
   -54.833
   -54.616
   -54.393
   -54.201
   -54.048
   -53.953
   -53.901
   -53.875
   -53.850
   -53.825
   -53.807
   -53.778
   -53.757
   -53.734
   -53.739
   -53.746
   -53.780
   -53.830
   -53.912
   -54.019
   -54.097
   -54.178
   -54.262
   -54.331
   -54.392
   -54.453
   -54.550
   -54.668
   -54.777
   -54.870
   -54.945
   -55.015
   -55.072
   -55.132
   -55.196
   -55.262
   -55.349
   -55.460
   -55.582
   -55.735
   -55.890
   -56.042
   -56.188
   -56.349
   -56.499
   -56.644
   -56.799
   -56.953
   -57.105
   -57.251
   -57.399
   -57.542
   -57.701
   -57.829
   -57.939
   -58.020
   -58.078
   -58.111
   -58.128
   -58.127
   -58.093
   -58.074
   -58.031
   -57.976
   -57.937
   -57.970
   -58.036
   -58.073
   -58.105
   -58.144
   -58.142
   -58.105
   -58.051
   -58.049
   -58.116
   -58.190
   -58.255
   -58.347
   -58.448
   -58.560
   -58.730
   -58.903
   -59.053
   -59.243
   -59.460
   -59.687
   -59.824
   -59.891
   -59.983
   -60.050
   -60.082
   -60.096
   -60.103
   -60.064
   -60.024
   -59.949
   -60.297
   -60.293
   -60.270
   -60.222
   -60.172
   -60.121
   -59.972
   -59.985
   -59.960
   -59.977
   -59.980
   -60.012
   -60.033
   -60.068
   -60.167
   -60.257
   -60.341
   -60.390
   -60.428
   -60.459
   -60.485
   -60.506
   -60.543
   -60.597
   -60.644
   -60.701
   -60.791
   -60.893
   -61.018
   -61.121
   -61.229
   -61.312
   -61.372
   -61.372
   -61.348
   -61.276
   -61.152
   -61.002
   -60.822
   -60.579
   -60.312
   -60.046
   -59.800
   -59.572
   -59.363
   -59.176
   -59.009
   -58.802
   -58.537
   -58.208
   -57.806
   -57.343
   -56.882
   -56.446
   -56.029
   -55.644
   -55.351
   -55.089
   -54.879
   -54.687
   -54.475
   -54.238
   -53.995
   -53.708
   -53.435
   -53.189
   -52.991
   -52.831
   -52.692
   -52.563
   -52.451
   -52.306
   -52.107
   -51.869
   -51.678
   -51.521
   -51.414
   -51.301
   -51.213
   -51.118
   -51.014
   -50.952
     5.860
     6.031
     6.223
     6.376
     6.511
     6.640
     6.787
     6.948
     7.117
     7.317
     7.488
     7.867
     8.050
     8.230
     8.454
     8.664
     8.887
     9.108
     9.332
     9.528
     9.734
     9.929
    10.134
    10.331
    10.546
    10.757
    10.970
    11.172
    11.360
    11.539
    11.704
    11.847
    11.942
    12.045
    12.157
    12.270
    12.389
    12.511
    12.635
    12.754
    12.867
    13.013
    13.181
    13.369
    13.552
    13.745
    13.939
    14.144
    14.343
    14.544
    14.728
    14.861
    14.985
    15.167
    15.432
    15.746
    16.026
    16.219
    16.380
    16.533
    16.677
    16.848
    17.060
    17.294
    17.509
    17.685
    17.841
    17.942
    18.048
    18.184
    18.352
    18.481
    18.477
    18.482
    18.565
    18.705
    18.872
    19.064
    19.282
    19.528
    19.782
    20.050
    20.330
    20.589
    20.872
    21.164
    21.459
    21.748
    22.010
    22.263
    22.504
    22.724
    22.940
    23.147
    23.351
    23.546
    23.735
    23.930
    24.112
    24.283
    24.451
    24.596
    24.751
    24.905
    25.067
    25.229
    25.393
    25.562
    25.747
    25.947
    26.150
    26.357
    26.580
    26.808
    27.027
    27.239
    27.433
    27.616
    27.779
    27.941
    28.103
    28.257
    28.416
    28.590
    28.774
    28.969
    29.166
    29.379
    29.568
    29.765
    29.955
    30.148
    30.353
    30.571
    30.782
    30.988
    31.194
    31.393
    31.590
    31.782
    31.964
    32.149
    32.335
    32.510
    32.670
    32.830
    33.000
    33.170
    33.342
    33.515
    33.675
    33.831
    33.987
    34.165
    34.324
    34.495
    34.660
    34.847
    35.038
    35.234
    35.424
    35.616
    35.826
    36.016
    36.186
    44.296
    44.287
    44.290
    44.304
    44.318
    44.285
    44.223
    44.125
    44.055
    43.996
    44.000
    44.038
    44.080
    44.107
    44.097
    44.070
    44.042
    44.008
    43.959
    43.877
    43.785
    43.714
    43.627
    43.498
    43.374
    43.239
    43.108
    42.998
    42.923
    42.831
    42.737
    42.639
    42.537
    42.487
    42.497
    42.508
    42.475
    42.396
    42.277
    42.165
    42.052
    41.935
    41.820
    41.704
    41.607
    41.477
    41.351
    41.223
    41.111
    40.991
    40.845
    40.730
    40.642
    40.542
    40.454
    40.372
    40.288
    40.179
    40.047
    39.948
    39.888
    39.830
    39.758
    39.701
    39.660
    39.634
    39.615
    38.675
    38.351
    37.984
    37.554
    37.148
    36.792
    36.446
    36.175
    35.928
    35.707
    35.503
    35.315
    35.156
    35.036
    34.918
    34.817
    34.748
    34.708
    34.745
    34.846
    34.991
    35.274
    35.584
    35.869
    35.956
    35.952
    35.972
    33.737
    32.938
    32.125
    31.283
    30.430
    29.544
    28.685
    27.901
    27.099
    26.414
    25.717
    24.970
    24.194
    23.355
    22.483
    21.625
    20.754
    19.949
    19.155
    18.416
    17.719
    17.076
    -4.957
    -4.889
    -4.843
    -4.822
    -4.826
    -4.883
    -4.958
    -5.070
    -5.200
    -5.327
    -5.471
    -5.648
    -5.858
    -6.083
    -6.327
    -6.595
    -6.900
    -7.210
    -7.555
    -7.909
    -8.269
    -8.608
    -8.936
    -9.219
    -9.477
    -9.677
    -9.805
    -9.825
    -9.769
    -9.669
    -9.542
    -9.378
    -9.176
    -8.942
    -8.741
    -8.583
    -8.507
    -8.513
    -8.549
    -8.529
    -8.416
    -8.194
    -7.912
    -7.560
    -7.160
    -6.708
    -6.181
    -5.596
    -4.923
    -4.198
    -3.464
    -2.667
    -1.733
    -0.733
     0.449
     1.826
     3.309
     4.872
     6.474
     8.030
     9.450
    10.791
    18.271
    18.388
    18.541
    18.686
    18.848
    18.979
    19.084
    19.190
    19.281
    19.402
    19.539
    19.646
    19.778
    19.891
    20.024
    20.166
    20.312
    20.435
    20.524
    20.579
    20.600
    20.626
    20.669
    20.720
    20.778
    20.871
    20.995
    21.145
    21.344
    21.580
    21.795
    22.010
    22.207
    22.373
    22.502
    22.602
    22.665
    22.707
    22.756
    22.803
    22.874
    22.970
    23.065
    23.152
    23.232
    23.315
    23.395
    23.484
    23.595
    23.716
    23.778
    23.835
    23.936
    23.988
    24.038
    24.083
    24.923
    25.027
    25.125
    25.210
    25.293
    25.378
    25.435
    25.473
    25.502
    25.570
    25.656
    25.759
    25.811
    25.847
    25.871
    25.890
    25.897
    25.924
    25.991
    26.086
    26.189
    26.289
    26.391
    26.477
    26.503
    26.519
    26.577
    26.662
    26.780
    26.881
    26.967
    27.024
    27.064
    27.107
    27.159
    27.219
    27.282
    27.360
    27.442
    27.531
    27.619
    27.690
    27.762
    27.838
    27.918
    28.015
    28.092
    28.163
    28.226
    28.276
    28.307
    28.365
    28.426
    28.518
    28.613
    28.697
    28.757
    28.785
    28.810
    28.856
    28.927
    29.021
    29.129
    29.225
    29.282
    29.305
    29.328
    29.369
    29.391
    29.394
    29.332
    29.270
    29.218
    29.162
    29.132
    29.151
    29.202
    29.243
    29.227
    29.181
    29.169
    29.178
    29.213
    29.219
    29.140
    29.074
    29.011
    28.942
    28.846
    28.772
    28.722
    28.683
    28.618
    28.565
    28.530
    28.510
    28.499
    28.482
    28.470
    28.468
    28.461
    28.457
    28.419
    28.365
    28.329
    28.295
    28.262
    28.201
    28.132
    28.054
    27.972
    27.905
    27.851
    27.793
    27.755
    27.715
    27.673
    27.638
    27.591
    27.548
    27.510
    27.470
    27.428
    27.397
    27.355
    27.318
    27.280
    27.237
    27.199
    27.145
    27.087
    27.033
    26.972
    26.924
    26.865
    26.799
    26.731
    26.665
    26.611
    26.539
    26.475
    26.411
    26.345
    26.270
    26.201
    26.127
    26.048
    25.977
    25.917
    25.865
    25.835
    25.823
    25.834
    25.845
    25.881
    25.926
    25.963
    25.991
    25.996
    25.955
    25.905
    25.849
    25.778
    25.692
    25.585
    25.464
    25.350
    25.241
    25.142
    25.062
    25.004
    24.945
    24.892
    24.839
    24.780
    24.705
    24.616
    24.538
    24.454
    24.370
    24.275
    24.184
    24.098
    24.037
    23.952
    23.860
    23.761
    23.666
    23.586
    23.503
    23.426
    23.361
    23.308
    23.264
    23.222
    23.197
    23.181
    23.197
    23.249
    23.308
    23.318
    23.316
    23.353
    23.403
    23.448
    23.484
    23.510
    23.521
    23.510
    23.486
    23.435
    23.375
    23.307
    23.247
    23.176
    23.113
    23.048
    23.005
    22.984
    22.986
    23.038
    23.119
    23.219
    23.349
    23.436
    23.361
    23.231
    23.083
    22.987
    22.957
    22.932
    22.866
    22.828
    22.842
    22.867
    22.858
    22.798
    22.715
    22.647
    22.680
    22.733
    22.695
    22.568
    22.402
    22.244
    22.128
    22.011
    21.841
    21.621
    21.459
    21.365
    21.321
    21.331
    21.330
    21.255
    21.129
    21.062
    20.944
    20.796
    20.676
    20.612
    20.585
    20.564
    20.529
    20.483
    20.425
    20.394
    20.368
    20.358
    20.337
    20.265
    20.178
    20.072
    19.963
    19.849
    19.742
    19.640
    19.538
    19.440
    19.345
    19.255
    19.179
    19.121
    19.064
    18.987
    18.915
    18.824
    18.722
    18.606
    18.501
    18.397
    18.305
    18.224
    18.157
    18.131
    18.133
    18.181
    18.224
    18.271
    18.307
    18.327
    18.330
    18.324
    18.292
    18.242
    18.170
    18.088
    18.008
    17.936
    17.864
    17.804
    17.740
    17.660
    17.571
    17.489
    17.430
    17.388
    17.358
    17.305
    17.248
    17.194
    17.158
    17.122
    17.060
    16.986
    16.934
    16.892
    16.862
    16.814
    16.767
    16.724
    16.668
    16.625
    16.589
    16.559
    16.516
    16.477
    16.432
    16.373
    16.326
    16.250
    16.162
    16.059
    15.957
    15.902
    15.903
    15.917
    15.930
    15.918
    15.872
    15.782
    15.662
    15.541
    15.387
    15.230
    15.113
    15.050
    15.048
    15.080
    15.135
    15.223
    15.304
    15.422
    15.651
    16.078
    16.643
    17.049
    17.178
    17.211
    17.250
    17.289
    17.328
    17.308
    17.260
    17.191
    17.129
    17.043
    16.944
    16.813
    16.654
    16.459
    16.230
    15.989
    15.719
    15.340
    14.844
    14.369
    14.013
    13.825
    13.709
    13.634
    13.604
    13.602
    13.523
    13.384
    13.259
    13.107
    12.981
    12.941
    12.922
    12.848
    12.697
    12.553
    12.418
    12.290
    12.131
    11.971
    11.824
    11.709
    11.629
    11.588
    11.583
    11.593
    11.610
    11.596
    11.567
    11.526
    11.469
    11.404
    11.331
    11.252
    11.187
    11.120
    11.049
    10.984
    10.924
    10.870
    10.805
    10.728
    10.642
    10.549
    10.453
    10.351
    10.273
    10.224
    10.234
    10.283
    10.327
    10.287
    10.205
    10.149
    10.137
    10.113
    10.092
    10.065
    10.068
    10.080
    10.106
    10.152
    10.197
    10.261
    10.368
    10.480
    10.561
    10.599
    10.605
    10.607
    10.630
    10.655
    10.707
