   -41.183
   -41.134
   -41.081
   -41.012
   -40.923
   -40.809
   -40.670
   -40.513
   -40.344
   -40.167
   -39.993
   -39.848
   -39.741
   -39.634
   -39.502
   -39.369
   -39.268
   -39.192
   -39.109
   -39.008
   -38.892
   -38.761
   -38.613
   -38.464
   -38.318
   -38.163
   -37.987
   -37.795
   -37.590
   -37.363
   -37.104
   -36.820
   -36.526
   -36.214
   -35.890
   -35.573
   -35.284
   -35.016
   -34.753
   -34.496
   -34.233
   -33.948
   -33.650
   -33.368
   -33.126
   -32.932
   -32.786
   -32.670
   -32.557
   -32.421
   -32.256
   -32.077
   -31.903
   -31.741
   -31.589
   -31.453
   -31.331
   -31.222
   -31.127
   -31.033
   -30.933
   -30.827
   -30.718
   -30.593
   -30.446
   -30.296
   -30.159
   -30.032
   -29.912
   -29.800
   -29.686
   -29.558
   -29.421
   -29.287
   -29.147
   -28.998
   -28.837
   -28.666
   -28.482
   -28.290
   -28.094
   -27.885
   -27.667
   -27.437
   -27.204
   -26.972
   -26.729
   -26.467
   -26.198
   -25.920
   -25.629
   -25.328
   -25.025
   -24.726
   -24.427
   -24.135
   -23.862
   -23.598
   -23.330
   -23.053
   -22.789
   -22.539
   -22.294
   -22.057
   -21.826
   -21.597
   -21.360
   -21.112
   -20.854
   -20.588
   -20.341
   -20.138
   -19.993
   -19.899
   -19.851
   -19.831
   -19.829
   -19.836
   -19.849
   -19.859
   -19.866
   -19.871
   -19.872
   -19.867
   -19.864
   -19.871
   -19.893
   -19.939
   -20.013
   -20.117
   -20.251
   -20.414
   -20.597
   -20.790
   -20.990
   -21.193
   -21.391
   -21.588
   -21.791
   -21.992
   -22.171
   -22.317
   -22.418
   -22.463
   -22.438
   -22.334
   -22.158
   -21.916
   -21.602
   -21.199
   -20.716
   -20.178
   -19.644
   -19.155
   -18.745
   -18.393
   -18.048
   -17.709
   -17.273
   -16.832
   -16.421
   -16.068
   -15.781
   -16.250
   -16.420
   -16.482
   -16.470
   -16.389
   -16.234
   -16.022
   -15.800
   -15.585
   -15.335
   -15.060
   -14.756
   -14.401
   -14.013
   -13.618
   -13.221
   -12.798
   -12.369
   -11.955
   -11.522
   -11.095
   -10.707
   -10.345
    -9.997
    -5.596
    -5.576
    -5.549
    -5.532
    -5.512
    -5.495
    -5.474
    -5.447
    -5.395
    -5.318
    -5.242
    -5.187
    -5.159
    -5.143
    -5.115
    -5.069
    -5.014
    -4.969
    -7.948
    -8.105
    -8.258
    -8.418
    -8.580
    -8.732
    -8.875
    -8.993
    -9.102
    -9.185
    -9.249
    -9.295
    -9.330
    -9.374
    -9.435
    -9.512
    -9.599
    -9.691
    -9.785
    -9.888
    -9.999
   -10.109
   -10.214
   -10.320
   -10.426
   -10.528
   -10.623
   -10.715
   -10.798
   -10.874
   -10.944
   -11.015
   -11.083
   -11.144
   -11.199
   -11.250
   -11.297
   -11.345
   -11.400
   -11.457
   -11.513
   -11.573
   -11.630
   -11.674
   -11.708
   -11.745
   -11.785
   -11.829
   -11.884
   -11.950
   -12.018
   -12.080
   -12.126
   -12.159
   -12.194
   -12.235
   -12.285
   -12.353
   -12.437
   -12.513
   -12.570
   -12.619
   -12.669
   -12.720
   -12.769
   -12.812
   -12.848
   -12.883
   -12.919
   -12.945
   -12.972
   -13.008
   -13.048
   -13.090
   -13.139
   -13.183
   -13.225
   -13.271
   -13.328
   -13.396
   -13.472
   -13.552
   -13.620
   -20.283
   -20.394
   -20.510
   -20.658
   -20.806
   -20.939
   -21.062
   -21.167
   -21.238
   -21.302
   -21.385
   -21.452
   -21.518
   -21.585
   -21.647
   -21.702
   -21.758
   -21.810
   -21.860
   -21.913
   -21.962
   -22.003
   -22.042
   -22.076
   -22.100
   -22.120
   -22.143
   -22.165
   -22.191
   -22.225
   -22.258
   -22.286
   -22.318
   -22.354
   -22.387
   -22.419
   -22.443
   -22.463
   -22.481
   -22.498
   -22.515
   -22.529
   -22.523
   -22.492
   -22.443
   -22.381
    11.980
    12.096
    12.181
    12.255
    12.330
    12.397
    12.456
    12.524
    12.612
    12.732
    12.901
    13.104
    13.286
    13.401
    13.469
    13.549
    13.690
    13.913
    14.195
    14.473
    14.711
    14.922
    15.153
    15.430
    15.747
    16.085
    16.421
    16.732
    17.025
    17.322
    17.616
    17.888
    18.150
    18.410
    18.662
    18.889
    19.094
    19.294
    19.485
    19.665
    19.846
    20.035
    20.226
    20.423
    20.637
    20.865
    21.095
    21.318
    21.539
    21.772
    22.022
    22.278
    22.530
    22.772
    23.013
    23.259
    23.519
    23.795
    24.067
    24.325
    24.577
    24.838
    25.102
    25.366
    25.639
    25.920
    26.205
    26.479
    26.724
    26.945
    27.180
    27.445
    27.716
    27.977
    28.222
    28.461
    28.689
    28.897
    29.085
    29.289
    29.533
    29.775
    29.962
    30.112
    30.284
    30.479
    30.652
    30.800
    30.942
    31.079
    31.218
    31.390
    31.618
    31.892
    32.175
    32.399
    32.517
    32.542
    32.543
    32.572
    32.635
    32.710
    32.791
    32.885
    32.984
    33.070
    33.145
    33.231
    33.336
    33.444
    33.545
    33.637
    33.720
    33.801
    33.892
    33.992
    34.086
    34.172
    34.254
    34.329
    34.395
    34.472
    34.571
    34.680
    34.786
    34.893
    35.007
    35.134
    35.275
    35.416
    35.541
    35.653
    35.781
    35.940
    36.128
    36.336
    36.553
    36.790
    37.078
    37.432
    37.836
    38.265
    38.680
    39.052
    39.372
    39.673
    39.981
    40.292
    40.612
    40.951
    41.316
    41.707
    42.135
    42.598
    43.085
    43.666
    44.275
    44.946
    45.564
    46.104
    46.565
    46.956
    47.323
    47.661
    47.944
    48.192
    48.441
    48.677
    48.889
    49.092
    49.295
    49.500
    50.583
    50.781
    51.014
    51.228
    51.420
    51.607
   -63.361
   -63.299
   -63.247
   -63.200
   -63.165
   -63.140
   -63.116
   -63.087
   -63.049
   -63.003
   -62.958
   -62.912
   -62.862
   -62.818
   -62.780
   -62.746
   -62.712
   -62.685
   -62.663
   -62.639
   -62.618
   -62.601
   -62.583
   -62.560
   -62.538
   -62.514
   -62.486
   -62.454
   -62.418
   -62.381
   -62.346
   -62.312
   -62.273
   -62.226
   -62.175
   -62.121
   -62.065
   -62.007
   -61.955
   -61.912
   -61.874
   -61.838
   -61.809
   -61.789
   -61.776
   -61.764
   -61.757
   -61.760
   -61.771
   -61.789
   -61.820
   -61.866
   -61.915
   -61.964
   -62.015
   -62.068
   -62.119
   -62.176
   -62.251
   -62.340
   -62.430
   -62.516
   -62.605
   -62.699
   -62.802
   -62.906
   -63.006
   -63.105
   -63.206
   -63.294
   -63.362
   -63.421
   -63.478
   -63.530
   -63.570
   -63.594
   -63.598
   -63.588
   -63.574
   -63.550
   -63.510
   -63.457
   -63.390
   -63.301
   -63.181
   -63.030
   -62.857
   -62.667
   -62.456
   -62.225
   -62.002
   -61.812
   -61.637
   -61.470
   -61.320
   -61.189
   -61.056
   -60.923
   -60.810
   -60.719
   -60.629
   -60.526
   -60.422
   -60.335
   -60.264
   -60.213
   -60.201
   -60.238
   -60.284
   -60.285
   -60.237
   -60.168
   -60.102
   -60.030
   -59.946
   -59.864
   -59.810
   -59.786
   -59.765
   -59.736
   -59.705
   -59.668
   -59.618
   -59.566
   -59.526
   -59.504
   -59.490
   -59.466
   -59.415
   -59.347
   -59.299
   -59.286
   -59.294
   -59.306
   -59.319
   -59.326
   -59.316
   -59.304
   -59.326
   -59.397
   -59.498
   -59.596
   -59.679
   -59.742
   -59.782
   -59.789
   -59.765
   -59.723
   -59.677
   -59.634
   -59.592
   -59.561
   -59.565
   -59.613
   -59.702
   -59.814
   -59.940
   -60.074
   -60.204
   -60.297
   -60.318
   -60.263
   -60.163
   -60.036
   -59.883
   -59.692
   -59.471
   -59.221
   -58.942
   -58.627
   -58.300
   -57.983
   -57.676
   -57.384
   -57.102
   -56.814
   -56.514
   -56.228
   -55.995
   -55.802
   -55.607
   -55.410
   -55.222
   -55.033
   -54.842
   -54.674
   -54.526
   -54.374
   -54.202
   -54.016
   -53.814
   -53.577
   -53.308
   -53.015
   -52.705
   -52.396
   -52.099
   -51.812
   -51.531
   -51.262
   -51.010
   -50.759
   -50.508
   -50.268
   -50.050
   -49.870
   -49.707
   -49.523
   -49.316
   -49.115
   -48.938
   -48.763
   -48.559
   -48.305
   -48.009
   -47.708
   -47.420
   -47.147
   -46.882
   -46.640
   -46.441
   -46.284
   -46.141
   -45.994
   -45.842
   -45.676
   -45.483
   -45.273
   -45.065
   -44.858
   -44.626
   -44.368
   -44.108
   -43.860
   -43.623
   -43.383
   -43.110
   -42.813
   -42.513
   -42.233
   -41.957
   -41.670
   -41.381
   -41.114
   -40.870
   -40.626
   -40.348
   -40.033
   -39.710
   -39.426
   -39.205
   -39.028
   -38.864
   -38.709
   -38.575
   -38.474
   -38.416
   -38.416
   -38.457
   -38.521
   -38.606
   -38.716
   -38.841
   -38.977
   -39.115
   -39.234
   -39.320
   -39.356
   -39.327
   -39.228
   -39.089
   -38.923
   -38.725
   -38.498
   -38.258
   -38.007
   -37.753
   -37.498
   -37.246
   -37.005
   -36.775
   -36.552
   -36.324
   -36.087
   -35.840
   -35.569
   -35.274
   -34.965
   -34.651
   -34.322
   -33.986
   -33.666
   -33.345
   -33.023
   -32.722
   -32.443
   -32.175
   -31.926
   -31.692
   -31.466
   -31.233
   -30.999
   -30.769
   -30.535
   -30.305
   -30.091
   -29.910
   -29.768
   -29.673
   -29.632
   -29.631
   -29.656
   -29.691
   -29.725
   -29.744
   -29.734
   -29.692
   -29.629
   -29.554
   -29.460
   -29.357
   -29.273
   -29.217
   -29.177
   -29.143
   -29.122
   -29.105
   -29.087
   -29.076
   -29.077
   -29.082
   -29.085
   -29.078
   -29.044
   -28.977
   -28.886
   -28.775
   -28.644
   -28.489
   -28.322
   -28.156
   -28.005
   -27.847
   -27.673
   -27.506
   -27.360
   -27.249
   -27.186
   -27.199
   -27.264
   -27.322
   -27.359
   -27.390
   -27.419
   -27.423
   -27.402
   -27.373
   -27.345
   -27.315
   -27.274
   -27.220
   -27.157
   -27.102
   -27.064
   -27.025
   -26.981
   -26.943
   -26.920
   -26.901
   -26.888
   -26.893
   -26.915
   -26.947
   -26.987
   -27.029
   -27.068
   -27.104
   -27.130
   -27.137
   -27.111
   -27.050
   -26.957
   -26.846
   -26.731
   -26.617
   -26.522
   -26.466
   -26.463
   -26.495
   -26.535
   -26.565
   -26.595
   -26.634
   -26.666
   -26.663
   -26.616
   -26.526
   -26.394
   -26.239
   -26.096
   -25.989
   -25.911
   -25.868
   -25.869
   -25.904
   -25.952
   -25.995
   -26.025
   -26.050
   -26.089
   -26.147
   -26.206
   -26.243
   -26.249
   -26.242
   -26.237
   -26.229
   -26.209
   -26.190
   -26.188
   -26.196
   -26.193
   -26.193
   -26.239
   -26.351
   -26.516
   -26.699
   -26.878
   -27.044
   -27.203
   -27.355
   -27.489
   -27.593
   -27.674
   -27.740
   -27.789
   -27.806
   -27.794
   -27.771
   -27.744
   -27.711
   -27.674
   -27.630
   -27.579
   -27.524
   -27.475
   -27.430
   -27.385
   -27.326
   -27.254
   -27.170
   -27.074
   -26.965
   -26.850
   -26.748
   -26.664
   -26.590
   -26.519
   -26.446
   -26.372
   -26.293
   -26.229
   -26.194
   -26.183
   -26.182
   -26.184
   -26.203
   -26.235
   -26.279
   -26.334
   -26.399
   -26.466
   -26.537
   -26.622
   -26.720
   -26.824
   -26.927
   -27.020
   -27.102
   -27.193
   -27.303
   -27.420
   -27.528
   -27.628
   -27.727
   -27.818
   -27.902
   -28.001
   -28.113
   -28.228
   -28.337
   -28.441
   -28.540
   -28.632
   -28.724
   -28.822
   -28.921
   -29.014
   -29.107
   -29.204
   -29.294
   -29.375
   -29.454
   -29.524
   -29.580
   -29.616
   -29.632
   -29.645
   -29.666
   -29.688
   -29.704
   -29.719
   -29.741
   -29.763
   -29.779
   -29.797
   -29.814
   -29.827
    16.462
    17.283
    18.136
    19.018
    19.913
    20.799
    21.668
    22.545
    23.434
    24.327
    25.211
    26.000
    26.937
    27.922
    28.912
    29.953
    31.056
    32.146
    33.207
    34.129
    35.497
    35.161
    35.059
    35.106
    35.291
    35.594
    35.958
    36.346
    36.775
    37.211
    37.578
    37.896
    38.207
    38.496
    38.749
    38.989
    39.222
    39.443
    39.687
    39.960
    40.225
    40.490
    40.778
    41.077
    41.357
    41.616
    41.866
    42.111
    42.353
    42.586
    42.813
    43.044
    43.278
    43.510
    43.743
    43.978
    44.214
    44.448
    44.686
    44.921
    45.155
    45.390
    45.614
    45.816
    46.020
    46.239
    46.459
    46.663
    46.855
    47.048
    47.248
    47.453
    47.646
    47.806
    47.941
    48.069
    48.190
    48.294
    48.373
    48.426
    48.380
    48.248
    48.071
    47.879
    47.696
    47.529
    47.391
    47.291
    47.232
    47.207
    47.203
    47.220
    47.269
    47.355
    47.461
    47.582
    47.712
    47.838
    47.958
    48.090
    48.230
    48.352
    48.472
    48.610
    48.750
    48.869
    48.984
    49.123
    49.288
    49.486
    49.710
    49.935
    50.204
    50.487
    50.793
    51.116
    51.444
    51.756
    52.046
    52.332
    52.643
    52.982
    53.354
    53.728
    54.099
    55.206
    55.042
    55.015
    55.062
    55.122
    55.222
    55.359
    55.484
    55.609
    55.761
    55.924
    56.074
    56.221
    56.366
    56.503
    56.654
    56.842
    57.056
    57.292
    57.553
    58.898
    59.019
    58.923
    58.822
    58.706
    58.569
    58.443
    58.365
    58.355
   -61.925
   -61.885
   -61.848
   -61.834
   -61.843
   -61.847
   -61.839
   -61.836
   -61.834
   -61.819
   -61.792
   -61.757
   -61.709
   -61.657
   -61.606
   -61.537
   -61.441
   -61.335
   -61.237
   -61.143
   -61.047
   -60.951
   -60.845
   -60.734
   -60.626
   -60.521
   -60.411
   -60.303
   -60.209
   -60.138
   -60.091
   -60.064
   -60.045
   -60.027
   -60.006
   -59.985
   -59.968
   -59.953
   -59.932
   -59.902
   -59.860
   -59.811
   -59.757
   -59.690
   -59.606
   -59.514
   -59.424
   -59.342
   -59.266
   -59.183
   -59.081
   -58.971
   -58.863
   -58.751
   -58.629
   -58.508
   -58.390
   -58.263
   -58.130
   -57.994
   -57.849
   -57.693
   -57.536
   -57.389
   -57.254
   -57.121
   -56.987
   -56.850
   -56.719
   -56.593
   -56.457
   -56.315
   -56.183
   -56.057
   -55.921
   -55.777
   -55.645
   -55.521
   -55.404
   -55.297
   -55.201
   -55.107
   -55.007
   -54.898
   -54.786
   -54.685
   -54.594
   -54.495
   -54.386
   -54.273
   -54.161
   -54.044
   -53.924
   -53.809
   -53.694
   -53.574
   -53.467
   -53.376
   -53.290
   -53.190
   -53.077
   -52.956
   -52.824
   -52.673
   -52.482
   -52.253
   -51.999
   -51.735
   -51.467
   -51.206
   -50.981
   -50.811
   -50.687
   -50.603
   -50.554
   -50.536
   -50.546
   -50.566
   -50.578
   -50.577
   -50.573
   -50.559
   -50.527
   -50.481
   -50.426
   -50.364
   -50.286
   -50.202
   -50.123
   -50.047
   -49.969
   -49.895
   -49.829
   -49.768
   -49.708
   -49.652
   -49.607
   -49.569
   -49.529
   -49.496
   -49.474
   -49.458
   -49.442
   -49.434
   -49.442
   -49.468
   -49.509
   -49.565
   -49.623
   -49.681
   -49.754
   -49.845
   -49.936
   -50.021
   -50.111
   -50.204
   -50.290
   -50.371
   -50.447
   -50.504
   -50.542
   -50.572
   -50.596
   -50.608
   -50.608
   -50.592
   -50.554
   -50.493
   -50.407
   -50.282
   -50.120
   -49.935
   -49.725
   -49.478
   -49.205
   -48.936
   -48.676
   -48.417
   -48.147
   -47.882
   -47.643
   -47.466
   -47.389
   -47.433
   -47.583
   -47.787
   -48.007
   -48.239
   -48.484
   -48.745
   -49.037
   -49.385
   -49.782
   -50.195
   -50.588
   -50.953
   -51.309
   -51.675
   -52.080
   -52.500
   -52.920
   -53.327
   -53.688
   -53.972
   -54.169
   -54.291
   -54.347
   -54.311
   -54.180
   -53.997
   -53.801
   -53.574
   -53.300
   -53.037
   -52.754
   -52.464
   -52.195
   -49.039
   -48.778
   -48.499
   -48.220
   -47.952
   -47.719
   -47.520
   -47.364
   -47.247
   -47.182
   -47.132
   -47.060
   -46.955
   -46.835
   -46.706
   -46.578
   -46.477
   -46.395
   -46.297
   -46.186
   -46.091
   -46.024
   -45.972
   -45.919
   -45.855
   -45.780
   -45.707
   -45.618
   -45.491
   -45.346
   -45.225
   -45.114
   -45.015
   -44.997
   -45.094
   -45.217
   -45.238
   -45.147
   -45.039
   -44.995
   -45.002
   -45.014
   -45.008
   -44.979
   -44.927
   -44.903
   -44.971
   -45.102
   -45.190
   -45.198
   -45.185
   -45.193
   -45.211
   -45.218
   -45.190
   -45.118
   -45.058
   -45.103
   -45.252
   -45.408
   -45.500
   -45.531
   -45.540
   -45.547
   -45.564
   -45.603
   -45.674
   -45.772
   -45.888
   -45.993
   -46.069
   -46.109
   -46.127
   -46.144
   -46.170
   -46.196
   -46.214
   -46.231
   -46.252
   -46.264
   -46.262
   -46.246
   -46.216
   -46.169
   -46.117
   -46.070
   -46.035
   -46.010
   -45.991
   -45.983
   -45.991
   -46.014
   -46.034
   -46.043
   -46.054
   -46.070
   -46.092
   -46.119
   -46.152
   -46.185
   -46.214
   -46.233
   -46.242
   -46.246
   -46.249
   -46.243
   -46.229
   -46.213
   -46.182
   -46.127
   -46.062
   -46.000
   -45.939
   -45.884
   -45.839
   -45.792
   -45.736
   -45.676
   -45.613
   -45.543
   -45.473
   -45.397
   -45.310
   -45.222
   -45.146
   -45.072
   -44.991
   -44.909
   -44.815
   -44.683
   -44.516
   -44.335
   -44.173
   -44.057
   -43.989
   -43.938
   -43.892
   -43.856
   -43.831
   -43.816
   -43.806
   -43.792
   -43.770
   -43.743
   -43.716
   -43.693
   -43.674
   -43.658
   -43.634
   -43.609
   -43.594
   -43.581
   -43.558
   -43.539
   -43.521
   -43.494
   -43.463
   -43.444
   -43.430
   -43.415
   -43.393
   -43.356
   -43.305
   -43.260
   -43.224
   -43.182
   -43.139
   -43.105
   -43.068
   -43.020
   -42.961
   -42.887
   -42.805
   -42.735
   -42.655
   -42.553
   -42.459
   -42.388
   -42.313
   -42.251
   -42.189
   -42.103
   -42.026
   -41.993
   -41.938
   -41.798
   -21.195
   -21.078
   -20.962
   -20.825
   -20.638
   -20.420
   -20.205
   -19.996
   -19.771
   -19.535
   -19.287
   -19.037
   -18.776
   -18.522
   -18.287
   -18.061
   -17.826
   -17.593
   -17.394
   -17.234
   -17.085
   -16.932
   -16.782
   -16.620
   -16.458
   -16.311
   -16.170
   -16.007
   -15.836
   -15.666
   -15.481
   -15.289
   -15.117
   -14.967
   -14.792
   -14.600
   -14.430
   -14.264
   -14.086
   -13.902
   -13.716
   -13.517
   -13.310
   -13.097
   -12.880
   -12.664
   -12.453
   -12.240
   -12.018
   -11.805
   -11.595
   -11.377
   -11.157
   -10.938
   -10.714
   -10.488
   -10.270
   -10.057
    -9.845
    -9.640
    -9.436
    -9.230
    -9.030
    -8.848
    -8.681
    -8.530
    -8.398
    -8.287
    -8.189
    -8.105
    -8.038
    -7.982
    -7.927
    -7.868
    -7.797
    -7.712
    -7.606
    -7.470
    -7.314
    -7.144
    -6.963
    -6.772
    -6.577
    -6.381
    -6.184
    -5.987
    -5.787
    -5.589
    -5.390
    -5.184
    -4.974
    -4.762
    -4.545
    -4.324
    -4.104
    -3.889
    -3.666
    -3.421
    -3.152
    -2.873
    -2.604
    -2.346
    -2.066
    -1.768
    -1.489
    -1.231
    -0.973
    -0.722
    -0.494
    -0.280
    -0.078
     0.116
     0.298
     0.445
     0.538
     0.606
     0.690
     0.773
     0.835
     0.891
     0.975
     1.090
     1.227
     1.369
     1.489
     1.571
     1.651
     1.785
     1.984
     2.203
     2.407
     2.617
     2.858
     3.116
     3.380
     3.661
     3.956
     4.254
     4.558
     4.857
     5.133
     5.394
     5.650
     5.895
     6.122
     6.333
     6.521
     6.688
     6.851
     7.024
     7.224
     7.460
     7.711
     7.934
     8.138
     8.341
     8.530
     8.672
     8.799
     8.986
     9.235
     9.460
     9.644
     9.850
    10.093
    10.325
    10.533
    10.758
    10.998
    11.215
    11.413
    11.635
    11.910
    12.218
    12.514
    12.752
    12.936
    13.108
    13.293
    13.482
    13.662
    13.865
    14.124
    14.421
    14.711
    14.966
    15.186
    15.375
    15.549
    15.733
    15.953
    16.208
    16.489
    16.788
    17.102
    17.406
    17.655
    17.821
    17.935
    18.048
    18.178
    18.340
    18.576
    18.899
    19.267
    19.603
    19.850
    19.997
    20.137
    20.370
    20.671
    20.968
    21.248
    21.553
    21.879
    22.178
    22.420
    22.660
    22.944
    23.207
    23.380
    23.534
    23.738
    23.947
    24.144
    24.410
    24.742
    24.997
    25.099
    25.155
    25.252
    25.364
    25.466
    25.598
    25.787
    25.998
    26.187
    26.343
    26.484
    26.636
    26.806
    26.985
    27.165
    27.367
    27.602
    27.828
    28.000
    28.126
    28.252
    28.398
    28.547
    28.683
    28.819
    28.974
    29.126
    29.278
    29.517
    29.889
    30.295
    30.599
    30.783
    30.927
    31.076
    31.228
    31.366
    31.470
    31.560
    31.677
    31.833
    31.996
    32.142
    32.247
    32.282
    32.280
    32.301
    32.339
    32.359
    32.377
    32.427
    32.466
    32.432
    32.359
    32.313
    32.309
    32.326
    32.373
    32.466
    32.615
    32.821
    33.068
    33.338
    33.633
    33.945
    34.252
    34.555
    34.880
    35.218
    35.543
    35.865
    36.204
    36.541
    36.871
    37.215
    37.578
    37.955
    38.359
    38.763
    39.091
    39.321
    39.473
    39.591
    39.657
    39.716
    39.800
    39.905
    40.041
    40.196
    52.440
    52.437
    52.436
    52.424
    52.416
    52.417
    52.403
    52.364
    52.321
    52.277
    52.218
    52.155
    52.111
    52.077
    52.028
    51.965
    51.896
    51.822
    51.750
    51.680
    51.600
    51.500
    51.380
    51.254
    51.136
    51.016
    50.888
    50.747
    50.598
    50.442
    50.288
    50.146
    50.007
    49.861
    49.708
    49.541
    49.363
    49.202
    49.073
    48.951
    48.823
    48.694
    48.563
    48.420
    48.249
    48.031
    47.770
    47.514
    47.319
    47.203
    47.127
    47.035
    46.946
    46.957
    47.113
    47.307
    47.412
    47.403
    47.335
    47.252
    47.171
    47.085
    46.989
    46.899
    46.819
    46.732
    46.629
    46.512
    46.385
    46.254
    46.125
    45.995
    45.848
    45.683
    45.505
    45.319
    45.140
    44.974
    44.813
    44.668
    44.546
    44.430
    44.299
    44.153
    44.007
    43.855
    43.700
    43.561
    43.443
    43.325
    43.187
    43.029
    42.822
    42.559
    42.242
    41.717
    41.317
    40.908
    40.530
    40.169
    39.813
    39.448
    39.037
    38.523
    37.944
    37.444
    37.050
    36.926
    37.067
    37.371
    37.684
    37.976
    36.377
    35.756
    35.255
    34.869
    34.650
    34.563
    34.563
    34.635
    34.745
    34.898
    32.892
    32.083
    31.215
    30.275
   -63.936
   -63.901
   -63.852
   -63.808
   -63.789
   -63.785
   -63.776
   -63.758
   -63.735
   -63.705
   -63.674
   -63.637
   -63.586
   -63.514
   -63.425
   -63.323
   -63.210
   -63.082
   -62.942
   -62.792
   -62.638
   -62.494
   -62.373
   -62.277
   -62.201
   -62.135
   -62.069
   -62.001
   -61.935
   -61.875
   -61.811
   -61.733
   -61.638
   -61.539
   -61.436
   -61.319
   -61.188
   -61.050
   -60.919
   -60.795
   -60.669
   -60.534
    -7.085
    -6.965
    -6.749
    -6.427
    -6.008
    -5.517
    -5.007
    -4.520
    -4.085
    -3.711
    -3.410
    -3.157
    -2.909
    -2.661
    -2.436
    -2.241
    -2.050
    -1.860
    -1.687
    -1.526
    -1.366
    -1.213
    -1.061
    -0.858
    -0.529
    -0.013
     0.714
     1.602
     2.626
     3.778
     5.007
     6.292
     7.607
     8.951
    10.320
    11.710
    13.086
    14.433
    15.736
    16.857
    17.681
    18.311
    22.562
    22.703
    22.848
    22.987
    23.128
    23.282
    23.443
    23.631
    23.838
    24.031
    24.199
    24.360
    24.532
    24.701
    24.862
    25.022
    25.190
    25.364
    25.530
    25.684
    25.837
    26.003
    26.189
    26.385
    26.573
    26.728
    26.850
    26.972
    27.107
    27.233
    27.314
    27.335
    27.334
    27.374
    27.482
    27.631
    27.786
    27.933
    28.064
    28.194
    28.325
    28.442
    28.538
    28.635
    28.739
    28.832
    28.918
    29.012
    29.110
    29.200
    29.280
    29.356
    29.422
    29.485
    29.557
    29.633
    29.714
    29.808
    29.910
    30.012
    30.112
    30.207
    30.293
    30.376
    30.470
    30.585
    30.723
    30.885
    31.034
    31.154
    31.258
    31.391
    31.563
    31.734
    31.877
    36.913
    36.816
    36.738
    36.694
    36.668
    36.650
    36.640
    36.649
    36.662
    36.666
    36.665
    36.664
    36.659
    36.651
    36.642
    36.630
    36.606
    36.568
    36.517
    36.460
    36.403
    36.355
    36.318
    36.281
    36.238
    36.198
    36.162
    36.121
    36.076
    36.046
    36.028
    36.014
    36.004
    36.006
    36.001
    35.978
    35.943
    35.905
    35.849
    35.737
    35.531
    35.248
    34.955
    34.696
    34.454
    34.206
    33.968
    33.754
    33.567
    33.410
    33.291
    33.200
    33.121
    33.048
    32.980
    32.909
    32.831
    32.745
    32.659
    32.577
    32.504
    32.449
    32.411
    32.382
    32.360
    32.349
    32.355
    32.375
    32.416
    32.488
    32.594
    32.715
    32.855
    33.032
    33.239
    33.414
    33.521
    33.588
    33.642
    33.669
    33.677
    33.704
    33.763
    33.846
    33.968
    34.126
    34.279
    34.370
    34.428
    34.539
    34.776
    35.092
    35.326
    35.362
    35.246
    35.080
    34.921
    34.799
    34.721
    34.670
    34.624
    34.568
    34.471
    34.329
    34.198
    34.103
    34.007
    33.893
    33.829
    33.869
    33.973
    34.045
    34.028
    33.960
    33.922
    33.936
    33.946
    33.878
    33.717
    33.515
    33.350
    33.268
    33.263
    33.278
    33.266
    33.210
    33.123
    33.036
    32.981
    32.972
    32.991
    32.989
    32.905
    32.724
    32.528
    32.404
    32.370
    32.383
    32.405
    32.428
    32.442
    32.429
    32.376
    32.299
    32.216
    32.152
    32.122
    32.114
    32.107
    32.085
    32.056
    32.026
    31.990
    31.934
    31.860
    31.780
    31.714
    31.665
    31.625
    31.580
    31.523
    31.457
    31.395
    31.343
    31.284
    31.205
    31.119
    31.041
    30.960
    30.856
    30.732
    30.601
    30.454
    30.279
    30.091
    29.929
    29.822
    29.772
    29.760
    29.757
    29.750
    29.734
    29.702
    29.657
    29.611
    29.575
    29.541
    29.496
    29.433
    29.356
    29.281
    29.220
    29.164
    29.100
    29.037
    28.993
    28.962
    28.931
    28.890
    28.835
    28.763
    28.677
    28.581
    28.486
    28.415
    28.373
    28.336
    28.278
    28.207
    28.142
    28.084
    28.028
    27.974
    27.933
    27.918
    27.929
    27.950
    27.959
    27.949
    27.928
    27.905
    27.878
    27.839
    27.787
    27.725
    27.663
    27.620
    27.599
    27.576
    27.519
    27.433
    27.341
    27.244
    27.145
    27.066
    27.015
    26.958
    26.870
    26.782
    26.715
    26.645
    26.565
    26.494
    26.435
    26.371
    26.300
    26.231
    26.170
    26.122
    26.084
    26.048
    26.016
    26.002
    26.000
    25.979
    25.924
    25.850
    25.773
    25.705
    25.654
    25.621
    25.600
    25.579
    25.561
    25.544
    25.524
    25.496
    25.467
    25.442
    25.405
    25.350
    25.287
    25.229
    25.167
    25.085
    24.989
    24.896
    24.820
    24.751
    24.683
    24.614
    24.536
    24.438
    24.325
    24.210
    24.105
    24.006
    23.907
    23.802
    23.696
    23.599
    23.510
    23.421
    23.331
    23.245
    23.160
    23.071
    22.975
    22.884
    22.812
    22.760
    22.716
    22.668
    22.624
    22.588
    22.557
    22.520
    22.469
    22.408
    22.352
    22.304
    22.244
    22.171
    22.101
    22.044
    21.981
    21.905
    21.824
    21.751
    21.691
    21.651
    21.624
    21.588
    21.538
    21.485
    21.425
    21.344
    21.242
    21.138
    21.035
    20.920
    20.782
    20.637
    20.508
    20.400
    20.303
    20.205
    20.111
    20.039
    20.003
    19.997
    19.997
    19.992
    19.998
    20.030
    20.071
    20.096
   -62.340
   -62.198
   -62.051
   -61.895
   -61.736
   -61.574
   -61.399
   -61.215
   -61.035
   -60.847
   -60.644
   -60.435
   -60.218
   -59.983
   -59.729
   -59.467
   -59.188
   -58.897
   -58.598
   -58.283
   -57.943
   -57.564
   -20.367
   -20.206
   -20.052
   -19.913
   -19.774
   -19.624
   -19.462
   -19.298
   -19.118
   -18.920
   -18.724
   -18.544
   -18.378
   -18.232
   -17.951
   -17.792
   -17.624
   -17.440
   -17.260
   -16.563
   -16.426
   -16.269
   -16.087
   -15.903
   -15.729
   -15.559
   -15.387
   -15.204
   -15.011
   -14.818
   -14.636
   -14.467
   -14.280
   -14.098
   -13.922
   -13.751
   -13.575
   -13.395
   -13.215
   -13.035
   -12.859
   -12.686
   -12.520
   -12.347
   -12.159
   -11.962
   -11.773
   -11.593
   -11.391
   -11.194
   -11.032
   -10.862
   -10.690
   -10.505
   -10.309
   -10.114
    -9.926
    -9.740
    -9.550
    -9.361
    -9.173
    -8.983
    -8.789
    -8.585
    -8.386
    -8.194
    -8.001
    -7.809
    -7.640
    -7.486
    -7.312
    -7.111
    -6.905
    -6.707
    -6.515
    -6.327
    -6.142
    -5.954
    -5.767
    -5.585
    -5.408
    -5.237
    -5.068
    -4.896
    -4.721
    -4.548
    -4.387
    -4.240
    -4.099
    -3.957
    -3.810
    -3.658
    -3.511
    -3.368
    -3.223
    -3.074
    -2.924
    -2.775
    -2.617
    -2.436
    -2.243
    -2.048
    -1.850
    -1.656
    -1.479
    -1.311
    -1.140
    -0.959
    -0.771
    -0.580
    -0.394
    -0.212
    -0.019
     0.183
     0.384
     0.574
     0.758
     0.935
     1.103
     1.279
     1.458
     1.635
     1.810
     1.991
     2.181
     2.376
     2.569
     2.760
     2.959
     3.164
     3.369
     3.573
     3.773
     3.969
     4.167
     4.367
     4.565
     4.760
     4.960
     5.166
     5.378
     5.591
     5.803
     6.012
     6.226
     6.440
     6.647
     6.842
     7.031
     7.218
     7.394
     7.569
     7.758
     7.962
     8.166
     8.370
     8.596
     8.844
     9.096
     9.350
     9.599
     9.836
    10.063
    10.304
    10.553
    10.786
    10.995
    11.190
    11.384
    11.576
    11.760
    11.963
    12.166
    12.366
    12.543
    12.695
    12.846
    13.508
    13.663
    13.802
    14.179
    14.343
    14.518
    14.692
    14.861
    15.040
    15.222
    15.407
    15.586
    15.753
    15.905
    16.059
    16.223
    16.385
    16.541
    16.697
    16.853
    17.005
    17.156
    17.296
    17.413
    17.514
    17.618
    17.731
    17.862
    18.012
    18.183
    18.371
    18.565
    18.752
    18.934
    19.115
    19.292
    19.457
    19.612
    19.754
    19.888
    20.021
    20.160
    20.304
    20.443
    20.582
    20.727
    20.875
    21.018
    21.137
    21.225
    21.300
    21.380
    21.468
    21.563
    21.663
    21.763
    21.862
    21.964
    22.067
    22.170
    22.266
    22.352
    22.425
    22.481
    22.519
    22.547
    22.581
    22.632
    22.687
    22.731
    22.758
    22.774
    22.795
    22.834
    22.882
    22.929
    22.985
    23.046
    23.101
    23.152
    23.210
    23.278
    23.345
    23.420
    23.502
    23.587
    23.684
    23.783
    23.871
    23.953
    24.040
    24.119
    24.179
    24.233
    24.297
    24.363
    24.427
    24.497
    24.578
    24.665
    24.746
    24.820
    24.891
    24.968
    25.050
    25.122
    25.173
    25.196
    25.197
    25.203
    25.254
    25.294
    25.330
    25.367
    25.420
    25.475
    25.529
    25.586
    25.656
    25.730
    25.788
    25.836
    25.869
    25.872
    25.847
    25.805
    25.737
    25.644
    25.545
    25.451
    25.367
    25.312
    25.301
    25.330
    25.381
    25.444
    25.515
    25.593
    25.665
    25.707
    25.700
    25.645
    25.565
    25.482
    25.407
    25.353
    25.363
    25.459
    25.591
    25.687
    25.738
    25.761
    25.749
    25.699
    25.638
    25.579
    25.498
    25.388
    25.279
    25.196
    25.128
    25.053
    24.977
    24.904
    24.825
    24.737
    24.652
    24.571
    24.484
    24.396
    24.319
    24.243
    24.169
    24.102
    24.038
    23.978
    23.921
    23.875
    23.841
    24.313
    24.012
    23.679
    23.346
    23.008
    22.672
    22.385
    22.133
    21.837
    21.404
    20.832
    20.161
    19.374
    18.514
    17.601
    16.666
    15.747
    14.825
    13.874
    12.924
    12.043
    11.258
    10.510
     9.740
     8.918
     8.100
     7.365
     6.740
     6.251
     5.874
     5.537
     5.183
     4.825
     4.511
     4.226
     3.906
     3.535
     3.131
     2.705
     2.249
     1.772
     1.311
     0.875
   -30.183
   -29.996
   -29.816
   -29.647
   -29.484
   -29.319
   -29.147
   -28.972
   -28.792
   -28.608
   -28.422
   -28.232
   -28.042
   -27.854
   -27.668
   -27.482
   -27.295
   -27.116
   -26.946
   -26.772
   -26.586
   -26.395
   -26.201
   -25.997
   -25.790
   -25.578
   -25.361
   -25.136
   -24.913
   -24.689
   -24.454
   -24.211
   -23.966
   -23.722
   -23.477
   -23.238
   -23.009
   -22.784
   -22.548
   -22.301
   -22.051
   -21.799
   -21.542
   -21.282
   -21.025
   -20.767
   -20.503
   -20.235
   -19.967
   -19.705
   -19.449
   -19.200
   -18.957
   -18.723
   -18.507
   -18.301
   -18.092
   -17.872
   -17.645
   -17.427
   -17.240
   -17.077
   -16.912
   -16.728
   -16.535
   -16.347
   -16.169
   -15.989
   -15.810
   -15.646
   -15.503
   -15.376
   -15.278
   -15.221
   -15.195
   -15.192
   -15.213
   -15.262
   -15.334
   -15.427
   -15.548
   -15.692
   -15.857
   -16.037
   -16.216
   -16.395
   -16.584
   -16.767
   -16.918
   -17.037
   -17.120
   -17.143
   -17.084
   -16.945
   -16.721
   -16.418
   -16.080
   -15.711
   -15.296
   -14.869
   -14.483
   -14.160
   -13.872
   -13.573
   -13.226
   -12.820
   -12.379
   -11.899
   -11.357
   -10.774
   -10.192
    -9.640
    -9.142
    -8.743
    -8.457
    -8.267
    -8.169
    -8.144
    -8.155
    -8.173
    -8.174
    -8.132
    -8.025
    -7.844
    -7.600
    -7.307
    -6.972
    -6.606
    -6.188
    -5.712
    -5.186
    -4.616
    -4.030
    -3.440
    -2.842
    -2.330
     5.476
     5.525
     5.579
     5.657
     5.765
     5.889
     5.995
     5.958
     5.921
     5.884
     5.852
     5.835
     5.820
     5.792
     5.739
     5.671
     5.588
     5.496
     5.395
     5.279
     5.162
     5.059
     4.967
     4.878
     4.787
     4.694
     4.599
     4.519
     4.470
     4.444
     4.421
     4.390
     4.348
     4.294
     4.238
     4.188
     4.145
     4.098
     4.045
     3.995
     3.949
     3.900
     3.849
     3.797
     3.733
     3.649
     3.559
     3.474
     3.393
     3.301
     3.200
     3.087
     2.958
     2.814
     2.671
     2.530
     2.385
     2.247
     2.124
     2.017
     1.917
     1.823
     1.737
     1.653
     1.568
     1.488
     1.415
     1.348
     1.289
     1.244
     1.212
     1.182
     1.153
     1.126
     1.096
     1.055
     1.012
     0.985
     0.968
     0.948
     0.933
     0.934
     0.938
     0.936
     0.926
     0.909
     0.881
     0.837
     0.787
     0.734
     0.680
     0.631
     0.597
     0.577
     0.557
     0.523
     0.469
     0.399
     0.321
     0.249
     0.193
     0.146
     0.101
     0.057
     0.011
    -0.035
    -0.087
    -0.145
    -0.211
    -0.295
    -0.397
    -0.507
    -0.614
    -0.713
    -0.810
    -0.913
    -1.031
    -1.164
    -1.287
    -1.377
    -1.434
    -1.474
    -1.512
    -1.558
    -1.620
    -1.694
    -1.769
    -1.840
    -1.913
    -1.990
    -2.076
    -2.169
    -2.245
    -2.285
    -2.294
    -2.288
    -2.275
    -2.260
    -2.261
    -8.886
    -8.985
    -9.085
    -9.212
    -9.337
    -9.447
    -9.554
    -9.650
    -9.710
    -9.758
    -9.813
    -9.859
    -9.896
    -9.936
    -9.976
   -10.009
   -10.037
   -10.067
   -10.084
   -10.081
   -10.065
   -10.050
   -10.039
   -10.027
   -10.016
   -10.016
   -10.028
   -10.035
   -10.038
   -10.052
   -10.075
   -10.109
   -10.162
   -10.232
   -10.310
   -10.400
   -10.497
   -10.586
   -10.667
   -10.753
   -10.834
   -10.896
   -10.928
   -10.929
   -10.923
   -10.939
   -10.957
   -10.932
   -10.878
    21.711
    21.936
    22.101
    22.188
    22.260
    22.384
    22.555
    22.721
    22.842
    22.927
    22.997
    23.067
    23.132
    23.189
    23.248
    23.315
    23.404
    23.514
    23.635
    23.771
    23.942
    24.174
    24.467
    24.797
    25.136
    25.467
    25.817
    26.212
    26.644
    27.078
    27.470
    27.814
    28.147
   -56.409
   -56.694
   -56.946
   -57.180
   -57.396
   -57.587
   -57.756
   -57.921
   -58.087
   -58.240
   -58.384
   -58.516
   -58.630
   -58.731
   -58.827
   -58.909
   -58.973
   -59.030
   -59.080
   -59.123
   -59.163
   -59.188
   -59.198
   -59.202
   -59.197
   -59.171
   -59.137
   -59.107
   -59.069
   -59.019
   -58.974
   -58.927
   -58.870
   -58.811
   -58.753
   -58.698
   -58.654
   -58.615
   -58.575
   -58.545
   -58.533
   -58.526
   -58.520
   -58.527
   -58.540
   -58.560
   -58.597
   -58.648
   -58.699
   -58.749
   -58.796
   -58.831
   -58.855
   -58.875
   -58.883
   -58.883
   -58.888
   -58.891
   -58.883
   -58.872
   -58.861
   -58.843
   -58.821
   -58.801
   -58.785
   -58.776
   -58.778
   -58.789
   -58.802
   -58.819
   -58.840
   -58.866
   -58.904
   -58.960
   -59.025
   -59.096
   -59.176
   -59.262
   -59.345
   -59.423
   -59.510
   -59.611
   -59.719
   -59.824
   -59.938
   -60.064
   -60.187
   -60.310
   -60.444
   -60.586
   -60.727
   -60.867
   -61.013
   -61.155
   -61.288
   -61.413
   -61.526
   -61.607
   -61.657
   -61.680
   -61.673
   -61.622
   -61.516
   -61.338
   -61.077
   -60.760
   -60.453
   -60.230
   -60.126
   -60.113
   -60.132
   -60.131
   -60.076
   -59.968
   -59.838
   -59.712
   -59.590
   -59.473
   -59.406
   -59.413
   -60.064
   -60.381
   -60.747
   -61.121
   -61.456
   -61.738
   -61.966
   -62.125
   -62.211
   -62.226
   -62.175
   -62.060
   -61.883
   -61.648
   -61.364
   -61.048
   -60.698
   -60.326
   -59.941
   -59.552
   -59.159
   -58.766
   -58.386
   -58.004
   -57.626
   -57.268
   -56.944
   -56.634
   -56.314
   -55.991
   -55.678
   -55.370
   -55.044
   -54.702
   -54.375
   -54.075
   -53.763
   -53.408
   -53.032
   -52.718
   -52.535
   -52.448
   -52.361
   -52.197
   -51.971
   -51.727
   -51.517
   -51.359
   -51.231
   -51.116
   -51.037
   -51.019
   -51.024
   -50.992
   -50.905
   -50.772
   -50.600
   -50.413
   -50.227
   -50.058
   -49.888
   -49.715
   -49.555
   -49.416
   -49.278
   -49.108
   -48.914
   -48.726
   -48.556
   -48.399
   -48.248
   -48.101
   -47.965
   -47.828
   -47.644
   -47.395
   -47.154
   -46.952
   -46.709
   -46.386
   -46.073
   -45.813
   -45.562
   -45.322
   -45.177
   -45.139
   -45.139
   -45.124
   -45.073
   -44.977
   -44.837
   -44.653
   -44.442
   -44.248
   -44.101
   -43.980
   -43.855
   -43.723
   -43.592
   -43.456
   -43.310
   -43.156
   -43.005
   -42.864
   -42.727
   -42.581
   -42.423
   -42.264
   -42.105
   -41.940
   -41.764
   -41.573
   -41.371
   -41.165
   -40.946
   -40.711
   -40.464
   -40.203
   -39.919
   -39.617
   -39.293
   -38.944
   -38.585
   -38.227
   -37.880
   -37.548
   -37.220
   -36.915
   -36.642
   -36.410
   -36.209
   -36.018
   -35.832
   -35.655
   -35.490
   -35.329
   -35.146
   -34.958
   -34.825
   -34.750
   -34.648
   -34.490
   -34.350
   -34.266
   -34.178
   -34.040
   -33.875
   -33.728
   -33.603
   -33.479
   -33.328
   -33.164
   -33.029
   -32.918
   -32.794
   -32.663
   -32.564
   -32.505
   -32.467
   -32.440
   -32.404
   -32.327
   -32.205
   -32.055
   -31.914
   -31.802
   -31.709
   -31.602
   -31.483
   -31.358
   -31.218
   -31.027
   -30.792
   -30.519
   -30.192
   -29.801
   -29.363
   -28.935
   -24.768
   -24.854
   -24.884
   -24.835
   -23.255
   -22.970
   -22.651
   -22.340
   -22.047
   -21.769
   -21.498
   -21.242
   -20.995
   -20.756
   -20.514
   -20.274
   -20.041
   -19.827
   -19.650
   -19.500
   -19.339
   -19.164
   -18.997
   -18.835
   -18.659
   -18.468
   -18.253
   -18.021
   -17.796
   -17.575
   -17.348
   -17.121
   -16.902
   -16.673
   -16.474
   -16.294
   -16.127
   -15.971
   -15.834
   -15.657
   -15.500
   -15.352
   -15.201
   -15.037
   -14.879
   -14.761
   -15.410
   -15.592
   -15.771
   -15.942
   -16.113
   -16.300
   -16.501
   -16.684
   -16.835
   -16.961
   -17.066
   -17.158
   -17.275
   -17.435
   -17.591
   -17.693
   -17.748
   -17.798
   -17.845
   -17.881
   -17.909
   -17.923
   -17.916
   -17.917
   -17.973
   -18.081
   -18.201
   -18.298
   -18.377
   -18.443
   -18.488
   -18.512
   -18.529
   -18.536
   -18.539
   -18.553
   -18.576
   -18.585
   -18.574
   -18.558
   -18.549
   -18.551
   -18.555
   -18.547
   -18.535
   -18.537
   -18.562
   -18.599
   -18.635
   -18.663
   -18.687
   -18.710
   -18.721
   -18.711
   -18.673
   -18.621
   -18.569
   -18.518
   -18.461
   -18.400
   -18.346
   -18.297
   -18.245
   -18.193
   -18.140
   -18.082
   -18.016
   -17.945
   -17.862
   -17.757
   -17.638
   -17.512
   -17.378
   -17.234
   -17.080
   -16.913
   -16.748
   -16.585
   -16.416
   -16.246
   -16.090
   -15.957
   -15.836
   -15.730
   -15.641
   -15.571
   -15.527
   -15.514
   -15.520
   -15.535
   -15.561
   -15.596
   -15.633
   -15.674
   -15.712
   -15.743
   -15.774
   -15.807
   -15.832
   -15.845
   -15.866
   -15.893
   -15.916
   -15.939
   -15.960
   -15.966
   -15.952
   -15.930
   -15.906
   -15.883
   -15.869
   -15.867
   -15.875
   -15.883
   -15.883
   -15.879
   -15.873
   -15.864
   -15.851
   -15.840
   -15.833
   -15.836
   -15.849
   -15.868
   -15.889
   -15.917
   -15.957
   -16.005
   -16.055
   -16.102
   -16.150
   -16.198
   -16.247
   -16.295
   -16.334
   -16.369
   -16.396
   -16.418
   -16.442
   -16.473
   -16.514
   -16.561
   -16.611
   -16.670
   -16.747
   -16.842
   -16.949
   -17.065
   -17.198
   -17.339
   -17.477
   -17.614
   -17.752
   -17.890
   -18.035
   -18.193
   -18.353
   -18.507
   -18.652
   -18.789
   -18.916
   -19.030
   -19.135
   -19.234
   -19.334
   -19.432
    30.350
    31.556
    32.712
    37.977
    37.984
    38.061
    38.193
    38.380
    38.633
    38.966
    39.388
    39.926
    41.926
    41.451
    40.852
    40.202
    39.569
    38.987
    38.477
    37.982
    37.595
    37.362
    37.259
    37.279
    37.433
    37.708
    38.058
    38.476
    38.942
    39.427
    39.923
    40.432
    40.932
    41.423
    41.924
   -61.159
   -61.073
   -60.976
   -60.895
   -60.822
   -60.741
   -60.658
   -60.586
   -60.513
   -60.432
   -60.346
   -60.250
   -60.132
   -60.003
   -59.877
   -59.765
   -59.677
   -59.600
   -59.526
   -59.473
   -59.467
   -59.469
   -59.425
   -59.347
   -59.279
   -59.225
   -59.176
   -59.145
   -59.127
   -59.090
   -59.018
   -58.940
   -58.886
   -58.854
   -58.828
   -58.812
   -58.816
   -58.822
   -58.810
   -58.783
   -58.760
   -58.744
   -58.739
   -58.748
   -58.755
   -58.747
   -58.729
   -58.715
   -58.703
   -58.687
   -58.665
   -58.644
   -58.629
   -58.617
   -58.600
   -58.580
   -58.552
   -58.496
   -58.410
   -58.308
   -58.204
   -58.092
   -57.976
   -57.853
   -57.724
   -57.592
   -57.456
   -57.305
   -57.141
   -56.983
   -56.845
   -56.720
   -56.597
   -56.472
   -56.343
   -56.212
   -56.080
   -55.952
   -55.819
   -55.666
   -55.487
   -55.286
   -55.069
   -54.839
   -54.614
   -54.400
   -54.179
   -53.964
   -53.788
   -53.667
   -53.575
   -53.491
   -53.423
   -53.365
   -53.306
   -53.243
   -53.176
   -53.095
   -53.001
   -52.912
   -52.828
   -52.742
   -52.649
   -52.556
   -52.457
   -52.346
   -52.229
   -52.117
   -52.000
   -51.871
   -51.737
   -51.602
   -51.457
   -51.298
   -51.131
   -50.963
   -50.799
   -50.636
   -50.461
   -50.267
   -50.059
   -49.846
   -49.627
   -49.405
   -49.192
   -48.988
   -48.779
   -48.556
   -48.333
   -48.116
   -47.917
   -47.739
   -47.571
   -47.409
   -47.253
   -47.107
   -46.970
   -46.837
   -46.708
   -46.589
   -46.476
   -46.367
   -46.262
   -46.161
   -46.055
   -45.942
   -45.829
   -45.717
   -45.606
   -45.488
   -45.359
   -45.235
   -45.114
   -44.991
   -44.863
   -44.737
   -44.611
   -44.477
   -44.340
   -44.204
   -44.077
   -43.956
   -43.832
   -43.699
   -43.563
   -43.425
   -43.288
   -43.146
   -43.000
   -42.852
   -42.704
   -42.561
   -42.417
   -42.260
   -42.091
   -41.929
   -41.781
   -41.629
   -41.471
   -41.310
   -41.149
   -40.984
   -40.815
   -40.642
   -40.463
   -40.275
   -40.087
   -39.903
   -39.714
   -39.519
   -39.334
   -39.167
   -39.009
   -38.857
   -38.717
   -38.588
   -38.462
   -38.346
   -38.241
   -38.131
   -38.015
   -37.906
   -37.813
   -37.728
   -37.647
   -37.574
   -37.505
   -37.438
   -37.363
   -37.278
   -37.194
   -37.117
   -37.034
   -36.942
   -36.856
   -36.780
   -36.705
   -36.634
   -36.574
   -36.528
   -36.498
   -36.478
   -36.465
   -36.458
   -36.467
   -36.485
   -36.515
   -36.565
   -36.637
   -36.722
   -36.803
   -36.881
   -36.972
   -37.091
   -37.215
   -37.325
   -37.442
   -37.586
   -37.750
   -37.914
   -38.078
   -38.243
   -38.389
   -38.507
   -38.586
   -38.597
   -38.522
   -38.359
   -38.061
   -37.592
   -36.983
   -36.328
   -35.735
   -35.251
   -34.894
   -34.655
   -34.492
   -34.348
   -34.198
   -34.082
   -34.047
   -34.080
   -34.157
   -34.292
   -34.513
   -34.890
   -35.256
   -35.630
   -35.944
   -36.242
   -36.545
   -36.804
   -36.966
   -37.047
   -37.097
   -37.163
   -37.276
   -37.399
   -37.441
   -37.360
   -37.170
   -36.887
   -36.518
   -36.102
   -35.648
   -35.247
   -34.849
   -34.438
   -34.016
   -33.583
   -33.140
   -30.519
   -30.845
   -31.107
   -31.321
   -31.531
   -31.697
   -31.801
   -31.859
   -31.895
   -31.893
   -31.872
   -31.868
   -31.875
   -31.878
   -31.883
   -31.893
   -31.892
   -31.873
   -31.850
   -31.837
   -31.827
   -31.800
   -31.737
   -31.647
   -31.573
   -31.541
   -31.532
   -31.517
   -31.491
   -31.465
   -31.449
   -31.429
   -31.398
   -31.364
   -31.338
   -31.314
   -31.283
   -31.258
   -31.245
   -31.244
   -31.248
   -31.246
   -31.226
   -31.198
   -31.172
   -31.137
   -31.085
   -31.035
   -31.001
   -30.975
   -30.954
   -30.935
   -30.914
   -30.893
   -30.873
   -30.849
   -30.823
   -30.799
   -30.767
   -30.725
   -30.677
   -30.634
   -30.598
   -30.589
   -30.616
   -30.658
   -30.693
   -30.720
   -30.732
   -30.726
   -30.707
   -30.678
   -30.638
   -30.592
   -30.542
   -30.497
   -30.470
   -30.464
   -30.474
   -30.497
   -30.533
   -30.574
   -30.615
   -30.650
   -30.675
   -30.697
   -30.733
   -30.787
   -30.865
   -30.941
   -31.020
   -31.107
   -31.204
   -31.309
   -31.410
   -31.506
   -31.590
   -31.666
   -31.735
   -31.786
   -31.928
   -31.968
   -32.010
   -32.160
   -32.210
    -7.130
    -6.948
    -6.776
    -6.604
    -6.430
    -6.264
    -6.128
    -6.009
    -5.889
    -5.771
    -5.644
    -5.503
    -5.363
    -5.235
    -5.110
    -4.982
    -4.860
    -4.747
    -4.640
    -4.560
    -4.561
    -4.658
    -4.786
    -4.864
    -4.884
    -4.871
    -4.822
    -4.736
    -4.635
    -4.529
    -4.405
    -4.250
    -4.061
    -3.848
    -3.620
    -3.368
    -3.078
    -2.772
    -2.468
    -2.159
    -1.844
    -1.557
    -1.306
    -1.049
    -0.764
    -0.480
    -0.206
     0.067
     0.352
     0.651
     0.971
     1.301
     1.622
     1.930
     2.236
     2.550
     2.861
     3.148
     3.399
     3.617
     3.808
     3.996
     4.220
     4.496
     4.791
     5.029
     5.180
     5.283
     5.428
     5.674
     5.959
     6.156
     6.232
     6.282
     6.398
     6.579
     6.764
     6.919
     7.069
     7.224
     7.351
     7.452
     7.579
     7.733
     7.856
     7.945
     8.074
     8.250
     8.411
     8.553
     8.724
     8.929
     9.167
     9.457
     9.791
    10.133
    10.448
    10.721
    10.950
    11.162
    11.391
    11.632
    11.875
    12.130
    12.383
    12.580
    12.717
    12.841
    12.974
    13.118
    13.319
    13.620
    13.961
    14.231
    14.390
    14.504
    14.646
    14.821
    15.016
    15.229
    15.450
    15.664
    15.879
    16.103
    16.330
    16.554
    16.778
    17.001
    17.227
    17.456
    17.689
    17.917
    18.130
    18.327
    18.529
    18.754
    18.980
    19.170
    19.308
    19.410
    19.509
    19.645
    19.835
    20.073
    20.356
    20.697
    21.047
    21.349
    21.606
    21.845
    22.072
    22.290
    22.508
    22.726
    22.947
    23.176
    23.404
    23.620
    23.848
    24.124
    24.446
    24.778
    25.056
    25.285
    25.555
    25.939
    26.336
    26.562
    26.621
    26.714
    27.034
    27.544
    28.029
    28.304
    28.405
    28.528
    28.816
    29.261
    29.735
    30.075
    30.158
    30.049
    29.953
    30.032
    30.297
    30.683
    31.126
    31.492
    31.629
    31.530
    31.371
    31.374
    31.609
    31.947
    32.182
    32.240
    32.219
    32.248
    32.349
    32.496
    32.698
    32.967
    33.275
    33.564
    33.798
    33.989
    34.163
    34.330
    34.497
    34.681
    34.870
    35.024
    35.145
    35.278
    35.432
    35.574
    35.712
    35.866
    36.011
    36.115
    36.189
    36.270
    36.410
    36.638
    36.921
    37.203
    37.457
    37.621
    37.622
    37.494
    37.353
    37.265
    37.230
    37.253
    37.326
    37.395
    37.423
    37.436
    37.470
    37.547
    37.662
    37.810
    38.008
    38.275
    38.605
    38.976
    39.373
    39.790
    40.233
    40.717
    41.243
    41.777
    42.338
    42.918
    43.483
    43.999
    44.455
    44.845
    45.174
    45.451
    45.684
    45.858
    45.986
    46.104
    46.227
    46.360
    46.458
    46.551
    46.678
    46.849
    47.030
    57.142
    56.679
    56.207
    55.734
    55.264
    54.845
    54.485
    54.198
    53.956
    53.757
    53.593
    53.459
    53.368
    53.306
    53.254
    53.212
    53.197
    53.200
    53.215
    53.255
    53.309
    53.350
    53.390
    53.448
    53.498
    53.507
    53.508
    53.536
    53.576
    53.602
    53.633
    53.677
    53.733
    53.811
    53.909
    54.005
    54.099
    54.210
    54.323
    54.421
    54.517
    54.629
    54.736
    54.840
    54.958
    55.099
    55.204
    55.280
    55.328
    55.368
    55.415
    55.487
    55.579
    55.680
    55.796
    55.959
    56.164
    56.415
   -62.453
   -62.216
   -61.997
   -61.791
   -61.598
   -61.424
   -61.266
   -61.119
   -60.987
   -60.878
   -60.790
   -60.711
   -60.637
   -60.565
   -60.494
   -60.423
   -60.364
   -60.332
   -60.338
   -60.373
   -60.436
   -60.530
   -60.641
   -60.743
   -60.817
   -60.853
   -60.836
   -60.773
   -60.705
   -60.652
   -60.604
   -60.559
   -60.522
   -60.486
   -60.436
   -60.369
   -60.276
   -60.152
   -60.024
   -59.900
   -59.775
   -59.643
   -59.509
   -59.378
   -59.259
   -59.156
   -59.055
   -58.946
   -58.844
   -58.758
   -58.671
   -58.580
   -58.502
   -58.445
   -58.401
   -58.365
   -58.340
   -58.307
   -58.265
   -58.224
   -58.189
   -58.151
   -58.102
   -58.051
   -58.001
   -57.947
   -57.886
   -57.825
   -57.773
   -57.730
   -57.693
   -57.670
   -57.658
   -57.649
   -57.642
   -57.638
   -57.626
   -57.605
   -57.574
   -57.528
   -57.470
   -57.408
   -57.339
   -57.260
   -57.182
   -57.106
   -57.026
   -56.939
   -56.858
   -56.781
   -56.711
   -56.643
   -56.579
   -56.513
   -56.453
   -56.398
   -56.340
   -56.275
   -56.205
   -56.130
   -56.048
   -55.960
   -55.865
   -55.760
   -55.642
   -55.507
   -55.351
   -55.175
   -55.008
   -54.897
   -54.850
   -54.819
   -54.781
   -54.786
   -54.873
   -54.999
   -55.093
   -55.143
   -55.171
   -55.176
   -55.171
   -55.164
   -55.145
   -55.111
   -55.074
   -55.035
   -54.988
   -54.936
   -54.888
   -54.838
   -54.784
   -54.734
   -54.689
   -54.648
   -54.611
   -54.574
   -54.536
   -54.497
   -54.448
   -54.377
   -54.295
   -54.224
   -54.165
   -54.100
   -54.012
   -53.915
   -53.821
   -53.733
   -53.652
   -53.581
   -53.524
   -53.483
   -53.469
   -53.482
   -53.502
   -53.513
   -53.518
   -53.534
   -53.559
   -53.580
   -53.594
   -53.595
   -53.581
   -53.546
   -53.500
   -53.448
   -53.393
   -53.351
   -53.324
   -53.299
   -53.271
   -53.253
   -53.241
   -53.204
   -53.138
   -53.063
   -52.988
   -52.910
   -52.831
   -52.757
   -52.689
   -52.623
   -52.553
   -52.479
   -52.400
   -52.313
   -52.208
   -52.092
   -51.979
   -51.884
   -51.813
   -51.783
   -51.800
   -51.858
   -51.949
   -52.059
   -52.167
   -52.274
   -52.378
   -52.476
   -52.554
   -52.610
   -52.648
     1.256
     1.749
     2.263
     2.795
     3.325
     3.847
     4.304
     4.652
     4.924
     5.200
     5.500
     5.808
     6.157
     6.612
     7.209
     7.956
     8.847
     9.880
    11.011
    12.222
    13.460
    14.697
    15.865
    16.961
    18.018
    19.077
    20.082
    21.005
    21.839
    22.618
    23.319
    23.996
    24.622
    29.756
    29.850
    29.982
    30.133
    30.277
    30.432
    30.621
    30.814
    30.997
    31.197
    31.393
    31.570
    31.732
    31.901
    32.086
    32.280
    32.468
    32.628
    32.765
    32.901
    33.056
    33.239
    33.441
    33.639
    33.824
    33.991
    34.151
    34.317
    34.489
    34.645
    34.787
    34.927
    35.059
    35.175
    35.284
    35.409
    35.561
    35.730
    35.900
    36.072
    36.253
    36.431
    36.579
    36.700
    36.833
    37.012
    37.231
    37.442
    37.616
    37.760
    37.895
    38.020
    38.125
    38.226
    38.344
    38.477
    38.631
    38.810
    38.996
    39.194
    39.358
    39.508
    39.650
    39.783
    39.916
    40.049
    40.179
    40.311
    48.125
    48.013
    47.890
    47.775
    47.690
    47.613
    47.510
    47.386
    47.255
    47.125
    47.009
    46.898
    46.779
    46.649
    46.528
    46.423
    46.313
    46.187
    46.062
    45.964
    45.903
    45.872
    45.871
    45.925
    46.030
    46.083
    46.031
    45.995
    45.967
    45.926
    45.876
    45.815
    45.738
    45.632
    45.498
    45.335
    45.165
    44.971
    44.733
    44.485
    44.261
    44.108
    43.963
    43.852
    43.771
    43.704
    43.650
    43.621
    43.605
    43.594
    43.586
    43.566
    43.527
    43.483
    43.442
    43.398
    43.350
    43.303
    43.260
    43.207
    43.149
    43.091
    43.039
    42.981
    42.915
    42.839
    42.753
    42.645
    42.528
    42.425
    42.348
    42.280
    42.213
    42.152
    42.095
    42.035
    41.971
    41.884
    41.766
    41.638
    41.521
    41.408
    41.295
    41.193
    41.106
    41.004
    40.865
    40.704
    40.557
    40.445
    40.356
    40.279
    40.214
    40.161
    40.124
    40.138
    40.211
    40.306
    40.380
    40.431
    40.463
    40.476
    40.478
    40.454
    40.377
    40.244
    40.082
    39.913
    39.740
    39.537
    39.281
    38.984
    38.692
    38.435
    38.209
    37.993
    37.763
    37.511
    37.253
    37.000
    36.737
    36.461
    36.176
    35.897
    35.629
    35.377
    35.123
    34.841
    34.553
    34.293
    34.078
    33.897
    33.753
    33.644
    33.571
    33.530
    33.517
    33.512
    33.489
    33.446
    33.406
    33.370
    33.312
    33.210
    33.086
    32.974
    32.901
    32.898
    32.968
    33.098
    33.284
    33.533
    33.826
    34.132
    34.537
    34.961
    35.413
    35.883
    36.384
    36.927
    37.492
    38.067
    38.615
    39.134
    39.667
    40.178
   -63.513
   -63.475
   -63.434
   -63.394
   -63.356
   -63.319
   -63.273
   -63.220
   -63.167
   -63.114
   -63.058
   -62.999
   -62.944
   -62.897
   -62.853
   -62.807
   -62.755
   -62.698
   -62.642
   -62.593
   -62.554
   -62.523
   -62.495
   -62.468
   -62.444
   -62.420
   -62.395
   -62.372
   -62.347
   -62.320
   -62.291
   -62.260
   -62.222
   -62.177
   -62.136
   -62.105
   -62.079
   -62.045
   -62.007
   -61.972
   -61.933
   -61.880
   -61.818
   -61.756
   -61.696
   -61.637
   -61.582
   -61.528
   -61.475
   -61.419
   -61.359
   -61.292
   -61.218
   -61.133
   -61.035
   -60.941
   -60.864
   -60.789
   -60.708
   -60.636
   -60.573
   -60.517
   -60.467
   -60.424
   -60.379
   -60.329
   -60.271
   -60.202
   -60.132
   -60.062
   -59.988
   -59.912
   -59.839
   -59.765
   -59.684
   -59.614
   -59.562
   -59.519
   -59.480
   -59.441
   -59.402
   -59.371
   -59.351
   -59.333
   -59.305
   -59.272
   -59.238
   -59.209
   -59.182
   -59.155
   -59.121
   -59.086
   -59.059
   -59.040
   -59.027
   -59.011
   -58.987
   -58.953
   -58.920
   -58.900
   -58.891
   -58.887
   -58.885
   -58.888
   -58.890
   -58.883
   -58.883
   -58.893
   -58.896
   -58.891
   -58.891
   -58.891
   -58.881
   -58.876
   -58.879
   -58.876
   -58.865
   -58.855
   -58.841
   -58.827
   -58.829
   -58.837
   -58.828
   -58.814
   -58.806
   -58.797
   -58.788
   -58.781
   -58.771
   -58.758
   -58.752
   -58.746
   -58.730
   -58.714
   -58.705
   -58.691
   -58.666
   -58.640
   -58.611
   -58.571
   -58.514
   -58.441
   -58.347
   -58.235
   -58.100
   -57.927
   -57.708
   -57.451
   -57.151
   -56.806
   -56.412
   -55.979
   -55.530
   -55.101
   -54.741
   -54.450
   -54.197
   -53.965
   -53.735
   -53.526
   -53.346
   -53.195
   -53.055
   -52.929
    -1.221
    -0.999
    -0.791
    -0.584
    -0.354
    -0.147
     0.050
     0.245
     0.459
     0.723
     1.020
     1.379
     2.261
     2.504
     2.747
     2.962
     3.164
     3.353
     3.549
     3.739
     3.922
     4.091
     4.245
     4.388
     4.522
     4.659
     4.818
     5.003
     5.198
     5.390
     5.566
     5.720
     5.869
     6.041
     6.252
     6.478
     6.686
     6.869
     7.048
     7.235
     7.422
     7.603
     7.801
     8.021
     8.246
     8.470
     8.703
     8.951
     9.212
     9.471
     9.716
     9.929
    10.113
    10.288
    10.476
    10.674
    10.886
    11.118
    11.357
    11.591
    11.822
    12.063
    12.306
    12.519
    12.707
    12.904
    13.128
    13.351
    13.564
    13.779
    14.012
    14.269
    14.535
    14.779
    14.970
    15.106
    15.223
    15.350
    15.500
    15.671
    15.850
    16.025
    16.202
    16.397
    16.616
    16.867
    17.167
    17.464
    17.706
    17.890
    18.047
    18.198
    18.350
    18.483
    18.609
    18.731
    18.871
    19.032
    19.213
    19.404
    19.593
    19.777
    19.960
    20.144
    20.324
    20.485
    21.147
    21.195
    21.261
    21.371
    21.515
    21.685
    21.871
    22.078
    22.269
    22.477
    22.706
    22.967
    23.208
    23.444
    23.683
    23.895
    25.455
    25.572
    26.283
    26.416
    26.534
    26.646
    26.785
    27.497
    27.697
    27.945
    28.209
    34.222
    34.233
    34.230
    34.218
    34.202
    34.167
    34.120
    34.092
    34.088
    34.090
    34.085
    34.069
    34.036
    33.985
    33.924
    33.866
    33.828
    33.812
    33.803
    33.788
    33.766
    33.743
    33.717
    33.699
    33.697
    33.702
    33.697
    33.684
    33.675
    33.665
    33.641
    33.599
    33.548
    33.493
    33.432
    33.349
    33.234
    33.105
    32.997
    32.934
    32.909
    32.894
    32.873
    32.855
    32.867
    32.912
    32.955
    32.955
    32.901
    32.808
    32.701
    32.593
    32.491
    32.411
    32.351
    32.289
    32.214
    32.141
    32.074
    31.989
    31.873
    31.742
    31.617
    31.515
    31.434
    31.369
    31.309
    31.245
    31.163
    31.066
    30.969
    30.885
    30.805
    30.711
    28.453
    27.887
    27.336
    26.772
    26.204
    25.635
    25.029
    24.332
    23.662
    22.974
    22.303
    21.632
    20.929
    20.168
    19.385
    18.631
    17.930
    17.266
    16.637
    16.041
    15.482
    14.972
    14.532
    14.160
    13.823
    13.492
    13.147
    12.793
    12.462
    12.183
    11.944
   -19.660
   -19.416
   -19.170
   -18.913
   -18.644
   -18.374
   -18.119
   -17.860
   -17.584
   -17.308
   -17.037
   -16.769
   -16.494
   -16.212
   -15.926
   -15.635
   -15.333
   -15.024
   -14.741
   -14.503
   -14.300
   -14.107
   -13.918
   -13.745
   -13.587
   -13.426
   -13.273
   -13.145
   -13.034
   -12.925
   -12.822
   -12.736
   -12.671
   -12.627
   -12.599
   -12.584
   -12.588
   -12.621
   -12.676
   -12.742
   -12.820
   -12.915
   -13.024
   -13.151
   -13.291
   -13.418
   -13.513
   -13.586
   -13.635
   -13.642
   -13.572
   -13.416
   -13.184
   -12.895
   -12.556
   -12.191
   -11.832
   -11.494
   -11.177
   -10.887
   -10.627
   -10.404
   -10.223
   -10.083
    -9.982
    -9.903
    -9.812
    -9.694
    -9.588
    -9.529
    -9.489
    -9.434
    -9.393
    -9.411
    -9.475
    -9.559
    -9.652
    -9.721
    -9.732
    -9.683
    -9.582
    -9.406
    -9.131
    -8.757
    -8.292
    -7.758
    -7.171
    -6.508
    -5.765
    -4.958
    -4.123
    -3.209
    -2.298
    -1.316
    -0.284
     0.720
     1.756
     2.890
    15.396
    15.416
    15.442
    15.474
    15.505
    15.543
    15.600
    15.679
    15.767
    15.843
    15.873
    15.858
    15.837
    15.838
    15.864
    15.922
    16.015
    16.115
    16.186
    16.231
    16.264
    16.283
    16.290
    16.297
    16.309
    16.327
    16.353
    16.386
    16.423
    16.465
    16.507
    16.539
    16.557
    16.567
    16.563
    16.548
    16.546
    16.584
    16.651
    16.719
    16.769
    16.796
    16.806
    16.807
    16.793
    16.762
    16.727
    16.703
    16.680
    16.656
    16.637
    16.627
    16.616
    16.608
    16.611
    16.613
    16.604
    16.591
    16.586
    16.584
    16.581
    16.593
    16.626
    16.666
    16.696
    16.711
    16.721
    16.740
    16.762
    16.770
    16.760
    16.745
    16.735
    16.721
    16.704
    16.700
    16.709
    16.715
    16.708
    16.695
    16.685
    16.680
    16.678
    16.669
    16.647
    16.616
    16.589
    16.573
    16.568
    16.573
    16.587
    16.604
    16.627
    16.658
    16.690
    16.711
    16.726
    16.738
    16.744
    16.725
    16.683
    16.630
    16.581
    16.536
    16.487
    16.432
    16.369
    16.301
    16.224
    16.138
    16.046
    15.954
    15.862
    15.773
    15.692
    15.624
    15.560
    15.492
    15.417
    15.346
    15.286
    15.222
    15.138
    15.036
    14.934
    14.842
    14.767
    14.702
    14.632
    14.546
    14.447
    14.349
    14.256
    14.174
    14.104
    14.048
    14.008
    13.992
    13.999
    14.019
    14.028
    14.010
    13.959
    13.882
    13.800
    13.744
    13.711
    13.693
    13.689
    13.703
    13.731
    13.780
    13.856
    13.922
    13.939
    13.901
    13.825
    13.727
    13.626
    13.538
    13.470
    13.412
    13.363
    13.327
    13.302
    13.288
    13.268
    13.209
    13.108
    12.998
    12.904
    12.824
    12.736
    12.643
    12.554
    12.458
    12.342
    12.218
    12.102
    11.998
    11.899
    11.799
    11.689
    11.576
    11.475
    11.388
    11.313
    11.250
    11.197
    11.142
    11.080
    11.021
    10.970
    10.925
    10.876
    10.825
    10.772
    10.725
    10.691
    10.662
    10.635
    10.611
    10.591
    10.575
    10.565
    10.561
    10.556
    10.551
    10.546
    10.538
    10.530
    10.536
    10.553
    10.566
    10.566
    10.552
    10.523
    10.483
    10.447
    10.420
    10.394
    10.364
    10.333
    10.303
    10.271
    10.233
    10.198
    10.158
    10.110
    10.061
    10.013
     9.958
     9.896
     9.833
     9.769
     9.702
     9.645
     9.596
     9.541
     9.471
     9.401
     9.344
     9.297
     9.249
     9.200
     9.159
     9.131
     9.108
     9.083
     9.059
     9.037
     9.011
     8.992
     8.990
     8.972
     8.903
     8.796
     8.692
     8.610
     8.543
     8.480
     8.409
     8.327
     8.241
     8.157
     8.083
     8.022
     7.969
     7.915
     7.868
     7.831
     7.782
     7.699
     7.595
     7.484
     7.360
     7.221
     7.080
     6.941
     6.789
     6.621
     6.468
     6.354
     6.273
     6.206
     6.149
     6.095
     6.041
     5.989
     5.937
     5.881
     5.814
     5.737
     5.654
     5.576
     5.509
     5.448
     5.381
     5.318
     5.267
     5.216
     5.148
     5.054
     4.933
     4.782
     4.612
     4.436
     4.256
     4.066
     3.870
     3.679
     3.486
     3.298
     3.126
     2.979
     2.851
     2.738
     2.649
     2.594
     2.552
     2.497
     2.444
     2.428
     2.458
     2.509
     2.551
     2.585
     2.621
     2.666
     2.715
     2.765
     2.815
     2.854
     2.873
     2.872
     2.860
     2.838
     2.806
     2.759
     2.697
     2.629
     2.566
     2.517
     2.488
     2.482
     2.490
     2.503
     2.524
     2.543
     2.526
     2.473
     2.426
     2.407
     2.398
     2.380
     2.355
     2.332
     2.317
     2.301
     2.271
     2.221
     2.156
     2.081
     1.998
     1.919
     1.865
     1.845
     1.848
     1.870
     1.919
     1.984
     2.013
     1.966
     1.869
     1.795
     1.781
     1.801
     1.716
     1.504
     1.265
     1.065
     0.920
     0.813
     0.735
     0.668
     0.595
     0.505
     0.401
     0.293
     0.185
     0.075
    -0.035
    -0.139
    -0.229
    -0.310
    -0.410
    -0.534
    -0.670
    -0.799
    -0.924
    -1.049
    -1.180
    -1.312
    -1.437
    -1.557
    -1.667
    -1.760
    -1.823
    -1.846
    -1.834
    -1.806
    -1.763
    -1.696
    -1.595
    -1.455
    -1.290
    -1.110
    -0.928
    -0.768
    -0.651
    -0.559
    -0.460
    -0.346
    -0.253
    -0.204
    -0.182
    -0.169
    -0.161
    -0.156
    -0.148
    -0.142
    -0.147
    -0.163
    -0.183
    -0.213
    -0.252
    -0.285
    -0.298
    -0.305
    -0.329
    -0.368
    -0.411
    -0.456
    -0.496
    -0.535
    -0.579
    -0.631
    -0.690
    -0.756
   -47.760
   -47.655
   -47.585
   -47.505
   -47.416
   -47.344
   -47.287
   -47.216
   -47.153
   -47.105
   -47.047
   -46.987
   -46.939
   -46.889
   -46.822
   -46.745
   -46.653
   -46.552
   -46.454
   -46.359
   -46.257
   -46.148
   -46.032
   -45.916
   -45.806
   -45.701
   -45.595
   -45.495
   -45.402
   -45.302
   -45.199
   -45.105
   -45.016
   -44.930
   -44.851
   -44.771
   -44.681
   -44.592
   -44.514
   -44.438
   -44.363
   -44.292
   -44.214
   -44.125
   -44.036
   -43.929
   -43.790
   -43.626
   -43.450
   -43.275
   -43.107
   -42.943
   -42.776
   -42.614
   -42.467
   -42.338
   -42.217
   -42.089
   -41.958
   -41.826
   -41.699
   -41.571
   -41.423
   -41.247
   -41.060
   -40.869
   -40.664
   -40.447
   -40.242
   -40.057
   -39.875
   -39.680
   -39.488
   -39.300
   -39.100
   -38.886
   -38.672
   -38.466
   -38.271
   -38.099
   -37.938
   -37.774
   -37.608
   -37.451
   -37.304
   -37.163
   -37.021
   -36.876
   -36.714
   -36.531
   -36.336
   -36.141
   -35.942
   -35.739
   -35.553
   -35.393
   -35.229
   -35.033
   -34.822
   -34.620
   -34.431
   -34.258
   -34.099
   -33.935
   -33.767
   -33.601
   -33.426
   -33.234
   -33.040
   -32.854
   -32.667
   -32.474
   -32.288
   -32.117
   -31.966
   -31.802
   -31.639
   -31.442
   -31.240
   -31.038
   -30.847
   -30.661
   -30.467
   -30.280
   -30.099
   -29.923
   -29.335
   -29.157
   -28.983
   -28.836
   -28.710
   -28.585
   -28.459
   -28.326
   -28.190
   -28.058
   -27.928
   -27.797
   -24.425
   -24.244
   -24.071
   -23.917
   -23.752
   -23.559
   -23.339
   -23.104
   -22.862
   -22.670
   -22.477
   -22.278
   -22.093
   -21.905
   -21.711
   -21.517
   -21.331
   -21.148
   -20.969
   -20.804
   -20.653
   -20.504
   -20.347
   -20.170
   -19.985
   -19.808
   -19.635
   -19.453
   -19.261
   -19.064
   -18.865
   -18.669
   -18.469
   -18.274
   -18.088
   -17.905
   -17.720
   -17.531
   -17.340
   -17.156
   -16.985
   -16.827
   -16.668
   -16.506
   -16.356
   -16.214
   -16.066
   -15.908
   -15.751
   -15.600
   -15.457
   -15.323
   -15.185
   -15.034
   -14.883
   -14.729
   -14.572
   -14.425
   -14.294
   -14.171
   -14.051
   -13.930
   -13.782
   -13.593
   -13.385
   -13.182
   -12.992
   -12.814
   -12.631
   -12.436
   -12.245
   -12.079
   -11.931
   -11.784
   -11.636
   -11.489
   -11.339
   -11.178
   -11.006
   -10.834
   -10.660
   -10.483
   -10.300
   -10.118
    -9.942
    -9.775
    -9.625
    -9.488
    -9.353
    -9.221
    -9.096
    -8.980
    -8.869
    -8.739
    -8.618
    -8.502
    -8.388
    -8.282
    -8.184
    -8.102
    -8.028
    -7.962
    -7.905
    -7.844
    -7.770
    -7.697
    -7.626
    -7.535
    -7.414
    -7.273
    -7.118
    -6.947
    -6.777
     2.432
     1.895
     1.290
     0.667
     0.055
    -0.536
    -1.087
    -1.649
    -2.241
    -2.843
    -3.429
    -3.988
    -4.564
    -5.070
    -5.555
    -6.022
    -6.471
    -6.894
    -7.287
    -7.656
    -7.999
    -8.305
    -8.570
    -8.794
    -8.971
    -9.116
    -9.234
    -9.310
    -9.343
    -9.348
    -9.329
    -9.267
    -9.159
    -9.005
    -8.805
    -8.593
    -8.410
    -8.244
    -8.077
    -7.948
    -7.907
    -7.952
    -8.046
    -8.146
    -8.243
    -8.360
    -8.501
    -8.642
    -8.778
    -8.931
    -9.104
    -9.269
    -9.415
    -9.545
    -9.676
    -9.832
   -10.009
   -10.174
   -10.316
   -10.461
   -10.629
   -10.816
   -11.007
   -11.184
   -11.335
   -11.460
   -11.565
   -11.629
   -11.633
   -11.581
   -11.485
   -11.358
   -11.212
   -11.054
   -10.884
   -10.705
   -10.517
   -10.326
   -10.142
    -9.968
    -9.799
    -9.630
    -9.461
    -9.295
    -9.132
    -8.974
    -8.814
    -8.654
    -8.502
    -8.355
    -8.206
    -8.054
    -7.897
    -7.737
    -7.582
    -7.441
    -7.294
    -7.133
    -6.965
    -6.795
    -6.631
    -6.470
    -6.309
    -6.149
    -6.017
    -5.915
    -5.824
    -5.730
    -5.650
    -5.600
   -52.783
   -52.648
   -52.486
   -52.298
   -52.088
   -51.865
   -51.633
   -51.393
   -51.165
   -50.964
   -50.789
   -50.647
   -50.537
   -50.457
   -50.398
   -50.344
   -50.274
   -50.174
   -50.043
   -49.882
   -49.700
   -49.522
   -49.369
   -49.246
   -49.144
   -49.061
   -48.994
   -48.929
   -48.860
   -48.787
   -48.713
   -48.637
   -48.570
   -48.509
   -48.439
   -48.362
   -48.279
   -48.189
   -48.085
   -47.970
   -47.846
   -47.708
   -47.565
   -47.427
   -47.296
   -47.165
   -47.028
   -46.889
   -46.757
   -46.637
   -46.528
   -46.430
   -46.340
   -46.262
   -46.197
   -46.135
   -46.066
   -45.996
   -45.935
   -45.880
   -45.820
   -45.745
   -45.654
   -45.551
   -45.444
   -45.326
   -45.200
   -45.073
   -44.945
   -44.810
   -44.675
   -44.547
   -44.413
   -44.263
   -44.115
   -43.978
   -43.836
   -43.685
   -43.530
   -43.363
   -43.175
   -42.974
   -42.769
   -42.561
   -42.348
   -42.143
   -41.941
   -41.742
   -41.541
   -41.340
   -41.132
   -40.919
   -40.698
   -40.481
   -40.275
   -40.072
   -39.863
   -39.661
   -39.467
   -39.278
   -39.093
   -38.920
   -38.750
   -38.570
   -38.375
   -38.166
   -37.951
   -37.731
   -37.503
   -37.257
   -36.989
   -36.709
   -36.426
   -36.138
   -35.855
   -35.576
   -35.322
   -35.098
   -34.907
   -34.751
   -34.624
   -34.520
   -34.438
   -34.374
   -34.301
   -34.206
   -34.094
   -33.972
   -33.833
   -33.663
   -33.465
   -33.247
   -33.012
   -32.755
   -32.473
   -32.176
   -31.869
   -31.554
   -31.258
   -31.008
   -30.813
   -30.666
   -30.551
   -30.438
   -30.292
   -30.106
   -29.891
   -29.655
   -29.415
   -29.199
   -29.016
   -28.862
   -28.733
   -28.627
   -28.537
   -28.440
   -28.326
   -28.188
   -28.029
   -27.863
   -27.711
   -27.569
   -27.410
   -27.226
   -27.025
   -26.810
   -26.587
   -26.385
   -26.237
   -26.127
   -26.032
   -25.948
   -25.879
   -25.828
   -25.803
   -25.806
   -25.828
   -25.859
   -25.891
   -25.907
   -25.913
   -25.942
   -26.016
   -26.124
   -26.250
   -26.393
   -26.549
   -26.715
   -26.876
   -27.019
   -27.138
   -27.243
   -27.338
   -27.442
   -27.578
   -27.730
   -27.858
   -27.951
   -28.021
   -28.058
   -28.055
   -28.014
   -27.937
   -27.836
   -27.719
   -27.577
   -27.393
   -27.161
   -26.866
   -26.504
   -26.103
   -25.663
   -25.224
   -24.640
   -24.063
   -23.527
   -23.000
   -22.474
   -22.016
   -21.961
   -22.123
   -22.275
   -22.406
   -22.512
   -22.575
   -22.578
   -22.548
   -22.489
   -22.417
   -22.360
   -22.344
   -22.344
   -22.283
   -18.267
   -18.230
   -18.185
   -18.136
   -18.090
   -18.058
   -18.047
   -18.032
   -18.012
   -18.008
   -18.044
   -18.099
   -18.138
   -18.133
   -18.080
   -18.003
   -17.915
   -17.822
   -17.726
   -17.639
   -17.562
   -17.490
   -17.433
   -17.395
   -17.364
   -17.344
   -17.333
   -17.318
   -17.299
   -17.293
   -17.294
   -17.291
   -17.288
   -17.285
   -17.272
   -17.252
   -17.254
   -17.280
   -17.322
   -17.366
   -17.406
   -17.448
   -17.508
   -17.592
   -17.677
   -17.741
   -17.778
   -17.791
   -17.797
   -17.886
   -17.917
   -17.945
   -18.131
   -18.181
   -20.143
   -20.251
   -20.361
   -20.464
   -20.567
   -20.673
   -20.785
   -20.916
   -21.034
   -21.141
   -21.213
   -21.266
   -21.323
   -21.392
   -21.477
   -21.580
   -21.692
   -21.798
   -21.891
   -21.982
   -22.079
   -22.183
   -22.295
   -22.406
   -22.507
   -22.593
   -22.674
   -22.755
   -22.833
   -22.908
   -22.981
   -23.057
   -23.138
   -23.233
   -23.332
   -23.421
   -23.509
   -23.603
   -23.696
   -23.776
   -23.854
   -23.932
   -24.009
   -24.079
   -24.139
   -24.189
   -24.228
   -24.259
   -24.290
   -24.320
   -24.343
   -24.357
   -24.372
   -24.389
   -24.406
   -24.427
   -24.457
   -24.489
   -24.520
   -24.553
   -24.586
   -24.609
   -24.629
   -24.654
   -24.691
   -24.747
   -24.824
   -24.904
   -24.966
   -25.002
   -25.016
   -25.017
   -25.019
   -25.030
   -25.051
   -25.071
   -25.097
   -25.138
   -25.188
   -25.237
   -25.283
     1.424
     1.655
     1.860
     2.032
     2.183
     2.326
     2.468
     2.623
     2.799
     2.981
     3.150
     3.282
     3.386
     3.494
     3.630
     3.777
     3.896
     3.987
     4.077
     4.180
     4.286
     4.376
     4.442
     4.497
     4.562
     4.635
     4.689
     4.721
     4.768
     4.871
     5.027
     5.224
     5.455
     5.722
     6.008
     6.308
     6.624
     6.926
     7.207
     7.475
     7.725
     7.961
     8.204
     8.452
     8.691
     8.914
     9.114
     9.285
     9.433
     9.579
     9.732
     9.903
    10.109
    10.364
    10.643
    10.942
    11.272
    11.612
    11.897
    12.105
    12.267
    12.460
    12.769
    13.190
    13.584
    13.849
    14.017
    14.179
    14.329
    14.449
    14.590
    14.803
    15.062
    15.326
    15.572
    15.773
    15.918
    16.049
    16.216
    16.428
    16.664
    16.913
    17.167
    17.404
    17.621
    17.840
    18.074
    18.314
    18.559
    18.809
    19.056
    19.309
    19.564
    19.816
    20.057
    20.280
    20.483
    20.692
    20.927
    21.179
    21.435
    21.681
    21.929
    22.191
    22.454
    22.692
    22.904
    23.111
    23.322
    23.539
    23.754
    23.967
    24.160
    24.331
    24.501
    24.679
    24.860
    25.040
    25.219
    25.404
    25.618
    25.868
    26.136
    26.397
    26.624
    26.811
    26.979
    27.151
    27.332
    27.514
    27.696
    27.880
    28.081
    28.294
    28.504
    28.714
    28.930
    29.156
    29.382
    29.600
    29.806
    29.993
    30.151
    30.296
    30.460
    30.655
    30.866
    31.056
    31.208
    31.350
    31.498
    31.649
    31.805
    31.969
    32.148
    32.363
    32.631
    32.922
    33.220
    33.550
    33.932
    34.371
    34.910
    35.594
    36.365
    37.054
    37.558
    37.924
    38.238
    38.517
    38.753
    38.968
    39.175
    39.366
    39.534
    39.680
    39.789
    39.859
    39.917
    39.980
    40.047
    40.136
    40.260
    40.386
    40.477
    40.544
    40.615
    40.711
    40.842
    41.001
    41.134
    41.178
    41.135
    41.069
    41.057
    41.121
    41.241
    41.386
    41.554
    41.751
    41.973
    42.198
    42.407
    42.599
    42.779
    42.955
    43.139
    43.347
    43.582
    43.846
    44.147
    44.487
    44.862
    45.338
    45.890
    46.404
    46.834
    47.201
    47.533
    50.782
    50.679
    50.552
    50.384
    50.203
    50.053
    49.921
    49.802
    49.694
    49.622
    49.565
    49.503
    49.447
    49.434
    49.490
    49.615
    49.789
    50.002
    50.243
    50.508
    50.791
    51.081
    51.370
    51.633
    51.911
    52.192
    52.437
    52.617
    52.743
    52.841
    52.943
    53.079
    53.257
    53.451
    53.637
    53.805
    53.951
    54.064
    54.151
    54.246
    54.373
    54.530
    54.705
    54.909
    55.151
    55.415
    55.687
    55.955
    56.208
    56.435
    56.646
    56.845
    57.027
    57.186
    57.331
    57.489
    57.674
    57.879
    58.106
    58.363
    58.640
    58.920
    59.167
    59.376
    59.541
    59.649
    60.747
    61.206
    61.684
    62.028
    61.212
    60.692
    60.218
    59.863
    59.580
    59.344
    59.166
    59.017
    58.886
    58.789
    58.704
    58.601
    58.517
    58.499
    58.526
    58.547
    58.552
    58.551
    58.537
    58.510
    58.478
    58.456
    58.442
    58.424
    58.397
   -61.046
   -60.853
   -60.664
   -60.475
   -60.292
   -60.108
   -59.916
   -59.722
   -59.538
   -59.369
   -59.221
   -59.090
   -58.968
   -58.849
   -58.739
   -58.629
   -58.504
   -58.355
   -58.196
   -58.031
   -57.831
   -57.595
   -57.352
   -57.121
   -56.915
   -56.749
   -56.622
   -56.512
   -56.402
   -56.284
   -56.147
   -55.995
   -55.846
   -55.712
   -55.591
   -55.480
   -55.381
   -55.301
   -55.257
   -55.257
   -55.286
   -55.338
   -55.422
   -55.540
   -55.667
   -55.761
   -55.787
   -55.741
   -55.634
   -55.470
   -55.252
   -55.007
   -54.757
   -54.503
   -54.254
   -54.024
   -53.827
   -53.677
   -53.560
   -53.454
   -53.334
   -53.199
   -53.068
   -52.953
   -52.853
   -52.760
   -52.676
   -52.621
   -52.597
   -52.598
   -52.621
   -52.661
   -52.704
   -52.743
   -52.775
   -52.797
   -52.805
   -52.803
   -52.802
   -52.810
   -52.816
   -52.807
   -52.781
   -52.743
   -52.692
   -52.634
   -52.575
   -52.508
   -52.424
   -52.327
   -52.227
   -52.122
   -52.011
   -51.905
   -51.819
   -51.744
   -51.669
   -51.592
   -51.518
   -51.449
   -51.383
   -51.320
   -51.265
   -51.220
   -51.179
   -51.139
   -51.099
   -51.062
   -51.026
   -50.990
   -50.951
   -50.915
   -50.885
   -50.855
   -50.815
   -50.770
   -50.731
   -50.690
   -50.637
   -50.570
   -50.495
   -50.411
   -50.315
   -50.213
   -50.112
   -50.010
   -49.907
   -49.817
   -49.759
   -49.734
   -49.715
   -49.682
   -49.634
   -49.583
   -49.534
   -49.479
   -49.415
   -49.350
   -49.296
   -49.238
   -49.170
   -49.098
   -49.031
   -48.963
   -48.890
   -48.815
   -48.738
   -48.656
   -48.568
   -48.476
   -48.387
   -48.301
   -48.216
   -48.123
   -48.026
   -47.933
   -47.836
   -47.728
   -47.614
   -47.497
   -47.377
   -47.262
   -47.148
   -47.029
   -46.904
   -46.777
   -46.651
   -46.526
   -46.404
   -46.285
   -46.176
   -46.069
   -45.965
   -45.859
   -45.754
   -45.649
   -45.551
   -45.464
   -45.365
   -45.250
   -45.131
   -45.022
   -44.917
   -44.805
   -44.696
   -44.593
   -44.487
   -44.378
   -44.265
   -44.160
   -44.073
   -44.003
   -43.949
   -43.914
   -43.900
   -43.893
   -43.886
   -43.885
   -43.882
   -43.862
   -43.839
   -43.825
   -43.809
   -43.781
   -43.742
   -43.696
   -43.638
   -43.575
   -43.509
   -43.439
   -43.365
   -43.288
   -43.202
   -43.112
   -43.032
   -42.962
   -42.892
   -42.819
   -42.744
   -42.658
   -42.562
   -42.468
   -42.362
   -42.241
   -42.140
   -42.078
   -42.033
   -41.980
   -41.926
   -41.887
   -41.854
   -41.826
   -41.808
   -41.802
   -41.811
   -41.836
   -41.871
   -41.903
   -41.932
   -41.965
   -42.002
   -42.039
   -42.069
   -42.094
   -42.118
   -42.141
   -42.156
   -42.163
   -42.175
   -42.193
   -42.210
   -42.223
   -42.243
   -42.268
   -42.285
   -42.295
   -42.313
   -42.337
   -42.363
   -42.388
   -42.415
   -42.459
   -42.524
   -42.598
   -42.676
   -42.767
   -42.868
   -42.956
   -43.018
   -43.062
   -43.084
   -43.073
   -43.034
   -42.980
   -42.920
   -42.862
   -42.816
   -42.785
   -42.775
   -42.792
   -42.832
   -42.889
   -42.956
   -43.025
   -43.085
   -43.131
   -43.156
   -43.149
   -43.113
   -43.063
   -43.000
   -42.908
   -42.790
   -42.657
   -42.518
   -42.369
   -42.215
   -42.064
   -41.916
   -41.768
   -41.625
   -41.494
   -41.384
   -41.305
   -41.279
   -41.314
   -41.399
   -41.514
   -41.632
   -41.732
   -41.811
   -41.878
   -41.937
   -41.984
   -42.018
   -42.035
   -42.036
   -42.037
   -42.049
   -42.061
   -42.066
   -42.071
   -42.079
   -42.083
   -42.075
   -42.067
   -42.062
   -42.045
   -42.013
   -41.980
   -41.952
   -41.922
   -41.884
   -41.844
   -41.808
   -41.774
   -41.743
   -41.718
   -41.703
   -41.696
   -41.691
   -41.687
   -41.705
   -41.755
   -41.807
   -41.828
   -41.826
   -41.820
   -41.810
   -41.787
   -41.757
   -41.720
   -41.674
   -41.622
   -41.566
   -41.504
   -41.431
   -41.348
   -41.251
   -41.148
   -41.032
   -40.905
   -40.781
   -40.665
    12.424
    12.576
    12.829
    13.195
    13.621
    14.059
    14.510
    15.020
    15.615
    16.300
    17.075
    17.927
    18.818
    19.713
    20.568
    21.355
    22.087
    22.770
    23.432
    24.069
    24.778
    25.522
    26.337
    27.210
    28.110
    29.069
    29.999
    33.134
    33.106
    33.148
    33.243
    33.375
    33.557
    33.810
    35.904
    36.090
    36.272
    36.481
    36.698
    36.916
    37.134
    37.341
    37.527
    37.700
    37.891
    38.103
    38.320
    38.532
    38.743
    38.959
    39.174
    39.384
    39.596
    39.827
    40.064
    40.292
    40.518
    40.749
    40.970
    41.167
    41.351
    41.540
    41.740
    41.949
    42.159
    42.364
    42.565
    42.766
    42.964
    43.169
    43.393
    43.620
    43.828
    44.018
    44.194
    44.364
    44.528
    44.677
    44.805
    44.918
    45.025
    45.134
    45.250
    45.377
    45.508
    45.643
    45.781
    45.925
    46.086
    46.264
    46.470
    46.696
    46.937
    47.171
    47.387
    47.588
    56.228
    56.092
    56.003
    55.958
    55.942
    55.947
    55.973
    56.016
    56.082
    56.172
    56.276
    56.384
    56.483
    56.575
    56.648
    56.697
    56.748
    56.825
    56.906
    56.978
    57.039
    57.107
    57.170
    57.208
    57.203
    57.185
    57.219
    57.334
    57.528
    57.807
    58.166
    58.529
    58.544
    58.522
    58.450
    58.336
    58.199
    58.057
    57.916
    57.764
    57.616
    57.485
    57.356
    57.198
    56.994
    56.751
    56.467
    56.143
    55.822
    55.543
    55.324
    55.174
    55.076
    54.998
    54.926
    54.864
    54.803
    54.743
    54.694
    54.649
    54.604
    54.568
    54.539
    54.510
    54.494
    54.499
    54.526
    54.577
    54.649
    54.708
    54.714
    54.655
    54.548
    54.434
    54.348
    54.292
    54.249
    54.217
    54.204
    54.215
    54.238
    54.268
    54.309
    54.355
    54.376
    54.351
    54.316
    54.315
    54.346
    54.370
    54.371
   -59.693
   -59.575
   -59.477
   -59.393
   -59.322
   -59.262
   -59.199
   -59.139
   -59.095
   -59.060
   -59.011
   -58.946
   -58.863
   -58.756
   -58.622
   -58.476
   -58.326
   -58.172
   -58.011
   -57.831
   -57.633
   -57.451
   -57.325
   -57.250
   -57.204
   -57.180
   -57.153
   -57.101
   -57.034
   -56.970
   -56.895
   -56.778
   -56.631
   -56.468
   -56.279
   -56.065
   -55.842
   -55.620
   -55.395
   -55.190
   -55.044
   -54.957
   -54.908
   -54.881
   -54.862
   -54.842
   -54.820
   -54.797
   -54.772
   -54.751
   -54.749
   -54.765
   -54.800
   -54.859
   -54.945
   -55.032
   -55.111
   -55.190
   -55.267
   -55.336
   -55.400
   -55.472
   -55.562
   -55.666
   -55.776
   -55.876
   -55.963
   -56.038
   -56.096
   -56.147
   -56.211
   -56.290
   -56.369
   -56.465
   -56.603
   -56.758
   -56.901
   -57.042
   -57.193
   -57.347
   -57.505
   -57.669
   -57.828
   -57.975
   -58.122
   -58.275
   -58.424
   -58.568
   -58.712
   -58.852
   -58.972
   -59.055
   -59.104
   -59.134
   -59.151
   -59.145
   -59.118
   -59.085
   -59.052
   -59.007
   -58.978
   -58.998
   -59.054
   -59.102
   -59.137
   -59.164
   -59.161
   -59.117
   -59.072
   -59.074
   -59.125
   -59.196
   -59.277
   -59.364
   -59.457
   -59.570
   -59.720
   -59.887
   -60.053
   -60.234
   -60.439
   -60.628
   -60.759
   -60.846
   -60.923
   -60.994
   -61.043
   -61.075
   -61.063
   -61.005
   -60.931
   -60.865
   -61.304
   -61.341
   -61.328
   -61.262
   -61.215
   -61.228
   -60.977
   -60.957
   -60.956
   -60.992
   -61.047
   -61.129
   -61.116
   -61.157
   -61.241
   -61.338
   -61.424
   -61.489
   -61.530
   -61.551
   -61.564
   -61.584
   -61.624
   -61.669
   -61.702
   -61.745
   -61.830
   -61.945
   -62.062
   -62.165
   -62.258
   -62.328
   -62.379
   -62.400
   -62.375
   -62.306
   -62.200
   -62.055
   -61.868
   -61.638
   -61.375
   -61.107
   -60.855
   -60.631
   -60.429
   -60.241
   -60.056
   -59.849
   -59.588
   -59.268
   -58.898
   -58.481
   -58.018
   -57.542
   -57.108
   -56.734
   -56.424
   -56.174
   -55.977
   -55.800
   -55.608
   -55.372
   -55.101
   -54.824
   -54.563
   -54.322
   -54.117
   -53.957
   -53.825
   -53.703
   -53.590
   -53.454
   -53.257
   -53.036
   -52.849
   -52.705
   -52.588
   -52.469
   -52.373
   -52.268
   -52.162
   -52.078
     4.453
     4.626
     4.814
     4.994
     5.148
     5.282
     5.438
     5.609
     5.796
     5.996
     6.187
     6.604
     6.792
     6.992
     7.206
     7.428
     7.665
     7.891
     8.114
     8.329
     8.532
     8.743
     8.955
     9.160
     9.368
     9.588
     9.800
     9.996
    10.192
    10.373
    10.529
    10.673
    10.808
    10.913
    11.000
    11.103
    11.226
    11.355
    11.479
    11.596
    11.712
    11.853
    12.022
    12.204
    12.386
    12.573
    12.769
    12.968
    13.167
    13.355
    13.519
    13.658
    13.793
    13.973
    14.232
    14.532
    14.799
    15.010
    15.176
    15.323
    15.469
    15.640
    15.842
    16.067
    16.290
    16.478
    16.612
    16.701
    16.803
    16.964
    17.138
    17.239
    17.256
    17.264
    17.338
    17.478
    17.650
    17.839
    18.059
    18.308
    18.562
    18.823
    19.095
    19.373
    19.651
    19.928
    20.215
    20.508
    20.784
    21.038
    21.274
    21.495
    21.714
    21.924
    22.123
    22.320
    22.523
    22.725
    22.907
    23.070
    23.229
    23.386
    23.541
    23.694
    23.853
    24.019
    24.193
    24.370
    24.553
    24.748
    24.949
    25.162
    25.389
    25.617
    25.834
    26.046
    26.247
    26.429
    26.593
    26.755
    26.914
    27.066
    27.221
    27.386
    27.573
    27.772
    27.972
    28.170
    28.368
    28.561
    28.750
    28.952
    29.160
    29.365
    29.570
    29.778
    29.984
    30.189
    30.389
    30.575
    30.757
    30.934
    31.104
    31.271
    31.442
    31.608
    31.772
    31.939
    32.110
    32.279
    32.446
    32.605
    32.758
    32.917
    33.081
    33.246
    33.419
    33.613
    33.803
    33.986
    34.179
    34.382
    34.587
    34.780
    34.944
    43.211
    43.195
    43.179
    43.176
    43.178
    43.147
    43.063
    42.963
    42.880
    42.829
    42.830
    42.873
    42.912
    42.924
    42.910
    42.870
    42.823
    42.785
    42.730
    42.645
    42.554
    42.477
    42.388
    42.275
    42.145
    42.013
    41.894
    41.800
    41.719
    41.632
    41.536
    41.443
    41.369
    41.331
    41.328
    41.334
    41.314
    41.242
    41.125
    41.008
    40.900
    40.785
    40.676
    40.580
    40.473
    40.346
    40.225
    40.118
    40.001
    39.874
    39.742
    39.625
    39.525
    39.438
    39.346
    39.259
    39.176
    39.073
    38.954
    38.863
    38.800
    38.736
    38.668
    38.614
    38.562
    38.535
    38.539
    37.586
    37.299
    36.952
    36.505
    36.085
    35.739
    35.406
    35.123
    34.881
    34.663
    34.451
    34.278
    34.135
    33.999
    33.876
    33.779
    33.705
    33.664
    33.676
    33.764
    33.935
    34.192
    34.505
    34.805
    34.880
    34.839
    34.849
    32.622
    31.814
    30.989
    30.169
    29.337
    28.468
    27.597
    26.799
    26.016
    25.341
    24.636
    23.890
    23.110
    22.269
    21.403
    20.540
    19.692
    18.880
    18.099
    17.356
    16.675
    16.041
    -5.968
    -5.901
    -5.857
    -5.836
    -5.846
    -5.894
    -5.976
    -6.082
    -6.201
    -6.335
    -6.487
    -6.665
    -6.870
    -7.100
    -7.353
    -7.619
    -7.907
    -8.230
    -8.576
    -8.930
    -9.273
    -9.612
    -9.940
   -10.236
   -10.494
   -10.695
   -10.812
   -10.841
   -10.800
   -10.707
   -10.575
   -10.406
   -10.205
    -9.987
    -9.785
    -9.635
    -9.553
    -9.535
    -9.553
    -9.540
    -9.426
    -9.205
    -8.909
    -8.549
    -8.136
    -7.683
    -7.179
    -6.594
    -5.924
    -5.197
    -4.439
    -3.637
    -2.719
    -1.709
    -0.533
     0.836
     2.310
     3.856
     5.431
     6.965
     8.413
     9.740
    17.176
    17.291
    17.448
    17.606
    17.752
    17.886
    18.002
    18.111
    18.211
    18.321
    18.463
    18.558
    18.658
    18.777
    18.928
    19.084
    19.216
    19.332
    19.425
    19.481
    19.509
    19.536
    19.575
    19.628
    19.702
    19.794
    19.909
    20.066
    20.273
    20.500
    20.721
    20.931
    21.121
    21.281
    21.412
    21.510
    21.567
    21.597
    21.634
    21.697
    21.774
    21.848
    21.922
    22.012
    22.108
    22.191
    22.268
    22.356
    22.452
    22.545
    22.624
    22.677
    22.765
    22.819
    22.879
    22.933
    23.694
    23.837
    23.943
    24.012
    24.086
    24.166
    24.217
    24.243
    24.285
    24.357
    24.442
    24.524
    24.589
    24.634
    24.661
    24.674
    24.681
    24.706
    24.764
    24.842
    24.927
    25.024
    25.129
    25.208
    25.250
    25.282
    25.333
    25.414
    25.509
    25.597
    25.669
    25.725
    25.768
    25.811
    25.867
    25.930
    25.992
    26.060
    26.148
    26.245
    26.330
    26.407
    26.496
    26.597
    26.682
    26.746
    26.812
    26.885
    26.945
    26.986
    27.030
    27.094
    27.175
    27.271
    27.370
    27.449
    27.493
    27.507
    27.524
    27.568
    27.643
    27.739
    27.841
    27.924
    27.974
    27.998
    28.014
    28.039
    28.071
    28.087
    28.032
    27.981
    27.919
    27.874
    27.869
    27.887
    27.994
    28.014
    28.004
    27.964
    27.923
    27.918
    27.938
    27.935
    27.886
    27.821
    27.758
    27.686
    27.596
    27.518
    27.467
    27.419
    27.361
    27.307
    27.267
    27.242
    27.230
    27.215
    27.192
    27.183
    27.188
    27.178
    27.133
    27.084
    27.050
    27.017
    26.972
    26.913
    26.841
    26.758
    26.675
    26.602
    26.538
    26.480
    26.428
    26.389
    26.359
    26.331
    26.290
    26.242
    26.195
    26.157
    26.125
    26.092
    26.057
    26.020
    25.979
    25.935
    25.892
    25.848
    25.802
    25.753
    25.700
    25.646
    25.592
    25.536
    25.478
    25.411
    25.343
    25.282
    25.226
    25.166
    25.096
    25.021
    24.951
    24.885
    24.812
    24.737
    24.677
    24.636
    24.610
    24.600
    24.609
    24.633
    24.662
    24.694
    24.731
    24.764
    24.766
    24.736
    24.692
    24.635
    24.559
    24.465
    24.364
    24.256
    24.144
    24.038
    23.943
    23.858
    23.787
    23.732
    23.678
    23.620
    23.556
    23.480
    23.395
    23.311
    23.232
    23.147
    23.053
    22.964
    22.885
    22.812
    22.734
    22.645
    22.548
    22.453
    22.360
    22.273
    22.194
    22.126
    22.068
    22.021
    21.983
    21.952
    21.941
    21.962
    22.007
    22.046
    22.063
    22.076
    22.111
    22.157
    22.199
    22.236
    22.265
    22.277
    22.263
    22.230
    22.180
    22.117
    22.051
    21.983
    21.913
    21.843
    21.779
    21.729
    21.713
    21.732
    21.773
    21.838
    21.944
    22.069
    22.139
    22.100
    21.981
    21.847
    21.750
    21.702
    21.680
    21.648
    21.612
    21.609
    21.632
    21.634
    21.579
    21.496
    21.447
    21.460
    21.496
    21.471
    21.351
    21.182
    21.030
    20.915
    20.791
    20.620
    20.425
    20.258
    20.156
    20.122
    20.127
    20.116
    20.047
    19.938
    19.838
    19.738
    19.610
    19.488
    19.421
    19.398
    19.373
    19.334
    19.291
    19.243
    19.198
    19.171
    19.155
    19.127
    19.072
    18.988
    18.879
    18.763
    18.654
    18.553
    18.449
    18.345
    18.249
    18.155
    18.060
    17.985
    17.930
    17.877
    17.807
    17.724
    17.634
    17.530
    17.421
    17.318
    17.218
    17.117
    17.031
    16.969
    16.944
    16.962
    17.005
    17.048
    17.082
    17.113
    17.132
    17.136
    17.130
    17.106
    17.051
    16.975
    16.899
    16.827
    16.756
    16.690
    16.625
    16.555
    16.477
    16.394
    16.316
    16.258
    16.218
    16.181
    16.135
    16.080
    16.030
    15.994
    15.957
    15.899
    15.831
    15.774
    15.732
    15.695
    15.656
    15.604
    15.546
    15.493
    15.455
    15.420
    15.380
    15.342
    15.307
    15.266
    15.218
    15.160
    15.089
    15.001
    14.897
    14.796
    14.739
    14.742
    14.766
    14.771
    14.749
    14.697
    14.608
    14.487
    14.352
    14.210
    14.066
    13.944
    13.880
    13.880
    13.917
    13.971
    14.048
    14.139
    14.250
    14.474
    14.906
    15.448
    15.854
    16.016
    16.041
    16.080
    16.143
    16.174
    16.156
    16.109
    16.043
    15.965
    15.881
    15.786
    15.661
    15.500
    15.313
    15.101
    14.851
    14.552
    14.173
    13.710
    13.239
    12.884
    12.685
    12.575
    12.511
    12.494
    12.481
    12.413
    12.295
    12.158
    12.009
    11.884
    11.825
    11.800
    11.730
    11.609
    11.476
    11.343
    11.194
    11.037
    10.895
    10.759
    10.636
    10.552
    10.516
    10.519
    10.535
    10.544
    10.534
    10.508
    10.466
    10.410
    10.349
    10.286
    10.221
    10.144
    10.066
     9.997
     9.933
     9.870
     9.814
     9.762
     9.692
     9.602
     9.508
     9.409
     9.310
     9.231
     9.192
     9.202
     9.246
     9.274
     9.236
     9.159
     9.104
     9.085
     9.071
     9.041
     9.012
     8.999
     9.011
     9.047
     9.085
     9.123
     9.185
     9.282
     9.390
     9.469
     9.503
     9.506
     9.509
     9.524
     9.550
     9.588
